7001 1 0.3649275019737274
7002 1 0.33366860172912755
7003 1 0.465342214575227
7004 1 0.302248308897443
7005 1 0.41476215875001216
7006 1 0.3297146497891543
7007 1 0.2954901776971375
7008 1 0.2981392832563862
7009 1 0.6174799028659196
7010 1 0.43977812207251116
7011 1 0.32673446319726457
7012 1 0.648724183805587
7013 1 0.3597901397590685
7014 1 0.43189152630795674
7015 1 0.2998420906419661
7016 1 0.7176820692976017
7017 1 0.26347464160219586
7018 1 0.4668991608233216
7019 1 0.2527452583974985
7020 1 0.48134171599202785
7021 1 0.3360243321630885
7022 1 0.5349040802618726
7023 1 0.5349484138352556
7024 1 0.5848564066657828
7025 1 0.7731782817245579
7026 1 0.3819517072152676
7027 1 0.31980589595234066
7028 1 0.4305214929400167
7029 1 0.4355235924333237
7030 1 0.30967905563299114
7031 1 0.5291643913751064
7032 1 0.48148174663447907
7033 1 0.4429225696883877
7034 1 0.779134955492407
7035 1 0.6072729757334269
7036 1 0.4131041457814966
7037 1 0.6687576793858072
7038 1 0.5136573564869115
7039 1 0.7100679659310272
7040 1 0.5135523231023481
7041 1 0.33399850821932087
7042 1 0.37302613054004796
7043 1 0.4960904279102135
7044 1 0.29314480579385604
7045 1 0.5218125882667095
7046 1 0.36954962864197555
7047 1 0.4426349395824654
7048 1 0.3643605327699236
7049 1 0.5633964046881353
7050 1 0.4652825108949831
7051 1 0.47731939814762103
7052 1 0.6289287643363944
7053 1 0.493848862706913
7054 1 0.3573563200065036
7055 1 0.37459691290661046
7056 1 0.38947222045834656
7057 1 0.5469454112870953
7058 1 0.6801467584883373
7059 1 0.4677940862222195
7060 1 0.540845049414458
7061 1 0.32661848175692904
7062 1 0.4091627237968767
7063 1 0.1942913734983921
7064 1 0.5142631836413694
7065 1 0.566654059113202
7066 1 0.522145664671826
7067 1 0.38504714875044244
7068 1 0.5831173504660924
7069 1 0.47463912292696625
7070 1 0.6723611954121026
7071 1 0.8197048390909483
7072 1 0.29298347694776344
7073 1 0.3307771877808812
7074 1 0.670533356802004
7075 1 0.5110527544374825
7076 1 0.6213619499583529
7077 1 0.36419736119495083
7078 1 0.44489366882722414
7079 1 0.6005282870417376
7080 1 0.461555769902552
7081 1 0.41556472455870863
7082 1 0.6776953841028014
7083 1 0.6119138886355623
7084 1 0.26736342633891313
7085 1 0.46639745443426167
7086 1 0.6104704130047542
7087 1 0.343382823502002
7088 1 0.6096912220300771
7089 1 0.41929137283936607
7090 1 0.24639122199401517
7091 1 0.367253271874413
7092 1 0.3835535537199975
7093 1 0.5330590864149028
7094 1 0.37935897759779974
7095 1 0.47626473813917786
7096 1 0.4994512218900895
7097 1 0.4413636895022185
7098 1 0.4653234879172877
7099 1 0.4430423863171843
7100 1 0.6056265663538174
7101 1 0.4235696697098171
7102 1 0.34135223062223524
7103 1 0.9791222652487569
7104 1 0.5637501375901244
7105 1 0.5884568020063948
7106 1 0.4824131875552983
7107 1 0.2850802244599438
7108 1 0.4246540864543444
7109 1 0.5442606232147533
7110 1 0.2944637019624489
7111 1 0.42133804781129247
7112 1 0.28652852893221187
7113 1 0.3749183053216524
7114 1 0.5339254078591269
7115 1 0.32888815978238845
7116 1 0.43393875834135637
7117 1 0.480628195004701
7118 1 0.3827211513144498
7119 1 0.5143495230161399
7120 1 0.30011482962110353
7121 1 0.42918433742880086
7122 1 0.47325574640516543
7123 1 0.3723184120391514
7124 1 0.6090576829125979
7125 1 0.4134930637374143
7126 1 0.4426069967231046
7127 1 0.30415454061075736
7128 1 0.5566942305658837
7129 1 0.422013418391429
7130 1 0.5416363470125654
7131 1 0.5819808990079277
7132 1 0.5495532864680951
7133 1 0.5129330867069052
7134 1 0.37501031839599797
7135 1 0.5159097301379223
7136 1 0.4663483662784652
7137 1 0.49583415597348623
7138 1 0.5309833529449095
7139 1 0.5017516909401732
7140 1 0.571385417886381
7141 1 0.4774860967900521
7142 1 0.3393375049262587
7143 1 0.5224166516435986
7144 1 0.582659990633227
7145 1 0.634623974136843
7146 1 0.4158217455707162
7147 1 0.48239405033735916
7148 1 0.6608410113962558
7149 1 0.46035793712126927
7150 1 0.27479659245106675
7151 1 0.5865992438688186
7152 1 0.6288855460063021
7153 1 0.42688129022957483
7154 1 0.46205901488000617
7155 1 0.41281650095293426
7156 1 0.6258094947023176
7157 1 0.5117805490310784
7158 1 0.5156386200996398
7159 1 0.3645331865687416
7160 1 0.4347315953186891
7161 1 0.40834112460637323
7162 1 0.703535100523567
7163 1 0.4722874100603137
7164 1 0.39284446241791626
7165 1 0.4718926512494736
7166 1 0.3956239913258222
7167 1 0.5140345973066246
7168 1 0.3671209114507177
7169 1 0.6908120964946757
7170 1 0.6565054648210297
7171 1 0.4241428470568978
7172 1 0.5347403120970489
7173 1 0.37228725471471164
7174 1 0.5861722328541505
7175 1 0.43514157784036084
7176 1 0.33936835892740486
7177 1 0.5231006904318807
7178 1 0.8468353917383921
7179 1 0.3152280991669299
7180 1 0.6737252002740649
7181 1 0.6464471171499889
7182 1 0.2698662957748988
7183 1 0.48520027120742926
7184 1 0.36301068153196164
7185 1 0.4324121167171775
7186 1 0.40658143572700906
7187 1 0.3106966863165049
7188 1 0.880416613978419
7189 1 0.5044118109191096
7190 1 0.36357232721623073
7191 1 0.3977142215614591
7192 1 0.5731056924258244
7193 1 0.4420539699781994
7194 1 0.33342144667860774
7195 1 0.6649147954521359
7196 1 0.4397700082106517
7197 1 0.48075777404882497
7198 1 0.3545330149162008
7199 1 0.537639536386153
7200 1 0.5088454303388508
7201 1 0.4422695956313964
7202 1 0.5126467415698224
7203 1 0.4711730306209058
7204 1 0.4399354245203473
7205 1 0.6174458511653153
7206 1 0.4803583083822322
7207 1 0.5243025361672901
7208 1 0.6518673386102152
7209 1 0.5570528133586223
7210 1 0.29298902507652974
7211 1 0.5303546496150238
7212 1 0.5655921386288105
7213 1 0.3891848424298584
7214 1 0.3013211006500094
7215 1 0.33905012548745506
7216 1 0.5827510205858087
7217 1 0.34785176133616763
7218 1 0.24204911759633188
7219 1 0.3741916191306576
7220 1 0.6524205830709402
7221 1 0.589661687367293
7222 1 0.4702059343125026
7223 1 0.4260853041361785
7224 1 0.5855018879006293
7225 1 0.47984588625723573
7226 1 0.6040583875747998
7227 1 0.5516106059352506
7228 1 0.4515193615619788
7229 1 0.4178865181339311
7230 1 0.7149114246924576
7231 1 0.45033481735402575
7232 1 0.3847075491349124
7233 1 0.6217896229777898
7234 1 0.5665767971753444
7235 1 0.5804991864925415
7236 1 0.43315621714225017
7237 1 0.4714996973130618
7238 1 0.2751273314887699
7239 1 0.5240407477350429
7240 1 0.6653149733676376
7241 1 0.32861960423421593
7242 1 0.40538999377100254
7243 1 0.2455990229406424
7244 1 0.2081132607486206
7245 1 0.4179276652244778
7246 1 0.4520305007215749
7247 1 0.2746068089065022
7248 1 0.46308737516536297
7249 1 0.5291440420106978
7250 1 0.42300321736690216
7251 1 0.5531513417788289
7252 1 0.4554247824735313
7253 1 0.36207096051657206
7254 1 0.36977242966450685
7255 1 0.5078654107815749
7256 1 0.3722161657940466
7257 1 0.5497331788500185
7258 1 0.8029008438981515
7259 1 0.558255175915379
7260 1 0.33647369689057455
7261 1 0.399540943966089
7262 1 0.436454364706392
7263 1 0.481986766856554
7264 1 0.5527360647874874
7265 1 0.3509594228076981
7266 1 0.6212248888473879
7267 1 0.42893676782458406
7268 1 0.5384588324654133
7269 1 0.6072061204746865
7270 1 0.3926878163731283
7271 1 0.308325879437656
7272 1 0.4185505471275267
7273 1 0.26977319717933385
7274 1 0.5325514272946716
7275 1 0.3619687356898113
7276 1 0.4394133501164438
7277 1 0.46991985594913316
7278 1 0.5996831125415141
7279 1 0.39924563021046167
7280 1 0.3877484581689344
7281 1 0.29441385445056706
7282 1 0.6212041120519148
7283 1 0.5743462586654311
7284 1 0.4644603869484595
7285 1 0.4746174058991393
7286 1 0.49599138824823696
7287 1 0.5107987833713105
7288 1 0.43612369440509763
7289 1 0.4677129842718308
7290 1 0.36935641432682775
7291 1 0.4493661046658026
7292 1 0.2595493097234914
7293 1 0.5824364497881401
7294 1 0.5990363599137632
7295 1 0.38843713760722004
7296 1 0.32890911998478956
7297 1 0.3646058079356789
7298 1 0.6010620007010329
7299 1 0.6956630006415614
7300 1 0.5212310879488284
7301 1 0.5773451469381758
7302 1 0.40348928748960006
7303 1 0.7346954175871199
7304 1 0.4471364902262901
7305 1 0.5302445519058405
7306 1 0.5360345039521687
7307 1 0.5526586926736679
7308 1 0.4542628976741837
7309 1 0.3929948968134092
7310 1 0.5408235810239498
7311 1 0.3645887752776384
7312 1 0.39091338794295283
7313 1 0.3369506704698785
7314 1 0.6056879210259255
7315 1 0.4083061014487646
7316 1 0.5240383519120259
7317 1 0.6883690272203361
7318 1 0.7744826098867998
7319 1 0.5387809463425473
7320 1 0.5634488135571779
7321 1 0.46029345903511065
7322 1 0.6199802260364393
7323 1 0.4110131992637117
7324 1 0.7390464706216804
7325 1 0.5129581740462726
7326 1 0.3161440480083613
7327 1 0.37175709371944343
7328 1 0.3249602667705922
7329 1 0.5049139675942549
7330 1 0.4265618256763881
7331 1 0.40475912961358085
7332 1 0.6061303315136516
7333 1 0.5338034755197121
7334 1 0.4976696089169381
7335 1 0.43734830636404165
7336 1 0.27969036474800446
7337 1 0.48403955778720426
7338 1 0.3622900592761807
7339 1 0.5015907790334517
7340 1 0.5162802282915736
7341 1 0.5344184515363177
7342 1 0.3801259657707963
7343 1 0.5665926791213164
7344 1 0.42898822428247285
7345 1 0.660259075093153
7346 1 0.4941663894074109
7347 1 0.49034664328247796
7348 1 0.3919096119471502
7349 1 0.3906341335299086
7350 1 0.3409182103391388
7351 1 0.5136164345987196
7352 1 0.43096577270218916
7353 1 0.48907826539558136
7354 1 0.5337780725991679
7355 1 0.2875637197449731
7356 1 0.5376052511135639
7357 1 0.40034618704143404
7358 1 0.540375311004505
7359 1 0.36802364604376847
7360 1 0.42910544242458565
7361 1 0.5882849217854429
7362 1 0.41630048816025517
7363 1 0.6063931942373155
7364 1 0.6715864597825061
7365 1 0.45497750415636884
7366 1 0.5242466973975785
7367 1 0.36343003428260495
7368 1 0.5914621127772041
7369 1 0.6031744781377103
7370 1 0.6326906516320272
7371 1 0.35823868857496904
7372 1 0.4023867000941652
7373 1 0.5235547933320335
7374 1 0.49622126952947426
7375 1 0.6406197628754752
7376 1 0.49370033434633503
7377 1 0.37997990772953116
7378 1 0.44203418024546537
7379 1 0.6399662513564429
7380 1 0.3617676114418006
7381 1 0.4215017398849776
7382 1 0.44098751905930794
7383 1 0.5150484092641461
7384 1 0.469116443845645
7385 1 0.5191156290918363
7386 1 0.4901186670739778
7387 1 0.4481998077402972
7388 1 0.56055111877509
7389 1 0.46794632663884606
7390 1 0.482486377028984
7391 1 0.6212810608733528
7392 1 0.408656319224846
7393 1 0.6977157178535665
7394 1 0.7841156016737199
7395 1 0.5832911807844359
7396 1 0.5631043225718038
7397 1 0.31417327374296783
7398 1 0.580658666573076
7399 1 0.5725279469874996
7400 1 0.414856504644492
7401 1 0.3906699389645259
7402 1 0.5212086808417262
7403 1 0.5718560340530255
7404 1 0.8539925537008711
7405 1 0.490899074953292
7406 1 0.6199281736081839
7407 1 0.4064242880448321
7408 1 0.6371516060651146
7409 1 0.22976254347355768
7410 1 0.36351247188093033
7411 1 0.45124061188374553
7412 1 0.5014378162189163
7413 1 0.7343112991987286
7414 1 0.3436515233636817
7415 1 0.4572533035709262
7416 1 0.47412550750364296
7417 1 0.3542567748615895
7418 1 0.5744817204653485
7419 1 0.3944743518748716
7420 1 0.559620734062015
7421 1 0.43495664471376644
7422 1 0.3923195836080738
7423 1 0.5193325253471064
7424 1 0.47995278091567
7425 1 0.6360734506868017
7426 1 0.4061656085148838
7427 1 0.45417817266261346
7428 1 0.6918310048054792
7429 1 0.42898458276856444
7430 1 0.41351713679627006
7431 1 0.4607358781692576
7432 1 0.33285003383402434
7433 1 0.5534782897828112
7434 1 0.6087303388471872
7435 1 0.4466006187973392
7436 1 0.4374309004546743
7437 1 0.4312722513463139
7438 1 0.6487179383087179
7439 1 0.511233204025865
7440 1 0.7065573642761767
7441 1 0.5754024744364853
7442 1 0.3983869367150678
7443 1 0.4248980416965227
7444 1 0.5295369005860514
7445 1 0.4146030316701489
7446 1 0.479711618269685
7447 1 0.48421276597185015
7448 1 0.42320471238292434
7449 1 0.5023626560456326
7450 1 0.4541952823344289
7451 1 0.34256569398380393
7452 1 0.5609372413537245
7453 1 0.5034651863825989
7454 1 0.563267017591916
7455 1 0.2924235170651101
7456 1 0.6089902657946749
7457 1 0.4697933682376757
7458 1 0.39720038097532223
7459 1 0.804547971154752
7460 1 0.4095609527089701
7461 1 0.48296443184583854
7462 1 0.2832552800810241
7463 1 0.526182688944399
7464 1 0.29551656770678203
7465 1 0.5158469122963525
7466 1 0.5122654791891034
7467 1 0.40714400968890074
7468 1 0.42628586228087956
7469 1 0.369520885487836
7470 1 0.20337877994534542
7471 1 0.39076869629977623
7472 1 0.47787629868672865
7473 1 0.4673180570007717
7474 1 0.32766836783395625
7475 1 0.6278613910052115
7476 1 0.616067019602947
7477 1 0.45238470714690504
7478 1 0.4681205885796594
7479 1 0.5205298917884311
7480 1 0.5620755998221626
7481 1 0.7640998104967128
7482 1 0.4385264487409848
7483 1 0.5348571960866331
7484 1 0.6012117210682467
7485 1 0.5157865255225085
7486 1 0.6643278959321776
7487 1 0.5544704756712703
7488 1 0.588932988128746
7489 1 0.3878013073859505
7490 1 0.5644202911888647
7491 1 0.49827858487112714
7492 1 0.4400798577989821
7493 1 0.5030744285843348
7494 1 0.5193403678352512
7495 1 0.49710655082138727
7496 1 0.4340548956149731
7497 1 0.46450308249960953
7498 1 0.3653122702539905
7499 1 0.7021135592278098
7500 1 0.6155115618825794
7501 1 0.311588530268126
7502 1 0.38473966771463436
7503 1 0.3181510683594977
7504 1 0.43847705843496093
7505 1 0.5099975810478075
7506 1 0.41413283710877946
7507 1 0.4721445389500225
7508 1 0.1977046683605167
7509 1 0.4806556603338429
7510 1 0.39969843502715835
7511 1 0.40645402143821613
7512 1 0.48118476351334366
7513 1 0.36543218936132565
7514 1 0.4593256909419931
7515 1 0.3188559362830957
7516 1 0.5954866850440155
7517 1 0.6198940732714628
7518 1 0.3848651210452878
7519 1 0.4598998688882065
7520 1 0.32491446314751604
7521 1 0.5182871111039896
7522 1 0.7330632079106069
7523 1 0.6926892864887241
7524 1 0.36449892867209127
7525 1 0.5124633903823507
7526 1 0.33656753596772115
7527 1 0.4409332978029411
7528 1 0.5437617309193142
7529 1 0.4863628147559577
7530 1 0.4785837504270924
7531 1 0.22577512558844423
7532 1 0.3687860918011728
7533 1 0.3623497296624325
7534 1 0.4846869254048113
7535 1 0.37657071464505376
7536 1 0.5129509165623024
7537 1 0.3403061048024161
7538 1 0.5384371143963252
7539 1 0.5916484010457231
7540 1 0.42666251854455595
7541 1 0.35223588588882426
7542 1 0.7685831302810171
7543 1 0.5416999479219753
7544 1 0.46442696832138397
7545 1 0.19694925791624715
7546 1 0.464703976286238
7547 1 0.5367555457702443
7548 1 0.41454419118212277
7549 1 0.29454112820866185
7550 1 0.477400925433372
7551 1 0.3897605311008481
7552 1 0.5022987471733863
7553 1 0.5235434500847471
7554 1 0.46612685283451627
7555 1 0.542034058839701
7556 1 0.5368467449211539
7557 1 0.6220619107482055
7558 1 0.45744221830837184
7559 1 0.7841271667359677
7560 1 0.39284906150974197
7561 1 0.5986494039440655
7562 1 0.5138643231319653
7563 1 0.5860922373951876
7564 1 0.41271501523698106
7565 1 0.4972815637354758
7566 1 0.5678133563525166
7567 1 0.4215550465714623
7568 1 0.4886526820156951
7569 1 0.6318675348233357
7570 1 0.45863464590362146
7571 1 0.41637195281798783
7572 1 0.6119803399904655
7573 1 0.5704121509200982
7574 1 0.4574930338898644
7575 1 0.3304134168061815
7576 1 0.2749540832485256
7577 1 0.43994888715561664
7578 1 0.28053367937149204
7579 1 0.5970248658043604
7580 1 0.3730842026169719
7581 1 0.6080978939896117
7582 1 0.44658358221150396
7583 1 0.7357198499195199
7584 1 0.5089941133464632
7585 1 0.449399607964535
7586 1 0.44427384344708987
7587 1 0.4044105107267702
7588 1 0.42873481950413755
7589 1 0.4523860797925596
7590 1 0.5607019332308608
7591 1 0.39118779780335805
7592 1 0.4986251793751389
7593 1 0.5433236439055718
7594 1 0.3707940055938188
7595 1 0.4275758575508762
7596 1 0.664000279109098
7597 1 0.38246742947871953
7598 1 0.5593400338777943
7599 1 0.5211421942552946
7600 1 0.4108050422727676
7601 1 0.49748232244814106
7602 1 0.32365631426633457
7603 1 0.5677822153191988
7604 1 0.47660741229539233
7605 1 0.3450952943962914
7606 1 0.4465075404338716
7607 1 0.3536937075264945
7608 1 0.5076932950774627
7609 1 0.3332368056455046
7610 1 0.30970029408933814
7611 1 0.3052709752885601
7612 1 0.5005196267419035
7613 1 0.4238770032556126
7614 1 0.554496879415016
7615 1 0.5228890905574558
7616 1 0.5673624491088415
7617 1 0.504861812489753
7618 1 0.48081008664735353
7619 1 0.5229210037715044
7620 1 0.47194945716615944
7621 1 0.5125738729890625
7622 1 0.6013381821155134
7623 1 0.40288962663026995
7624 1 0.36481693780596136
7625 1 0.33828466734869567
7626 1 0.3669637507989095
7627 1 0.557660818817985
7628 1 0.6556849092113327
7629 1 0.7658477142650573
7630 1 0.5450536415033114
7631 1 0.4982046248247339
7632 1 0.48821111572705805
7633 1 0.5676379263145297
7634 1 0.7190990306264671
7635 1 0.5992926711811605
7636 1 0.6427632042256501
7637 1 0.19608824370043587
7638 1 0.4263767662408761
7639 1 0.590707303786397
7640 1 0.47090956776183124
7641 1 0.4560986905695928
7642 1 0.39517746963637745
7643 1 0.6730026586183225
7644 1 0.6011466414759034
7645 1 0.4428853842270249
7646 1 0.6067610508303454
7647 1 0.34695901869719004
7648 1 0.5254121285079429
7649 1 0.5524091691233477
7650 1 0.4408615510689121
7651 1 0.5479625902610276
7652 1 0.3955575907027383
7653 1 0.5075501397951725
7654 1 0.6391358805434382
7655 1 0.38677685707532194
7656 1 0.43190359690902735
7657 1 0.45987674128119
7658 1 0.7798515581247184
7659 1 0.43621478827001803
7660 1 0.5377474171583292
7661 1 0.611567860076694
7662 1 0.7554620854128639
7663 1 0.39141039463328237
7664 1 0.6595277042819421
7665 1 0.4128723309180587
7666 1 0.48811228096943643
7667 1 0.40270722165910766
7668 1 0.6194695559847103
7669 1 0.5179740419628999
7670 1 0.3886051241445657
7671 1 0.5252000047605928
7672 1 0.37936319686659703
7673 1 0.3269131838310106
7674 1 0.2524785722555775
7675 1 0.35599462957785055
7676 1 0.4823442334438239
7677 1 0.49792716911763474
7678 1 0.57575665890307
7679 1 0.6011879094054523
7680 1 0.4042368431351196
7681 1 0.4024841440038347
7682 1 0.43665738149246575
7683 1 0.4259988871281485
7684 1 0.5789030817647691
7685 1 0.2605152293410223
7686 1 0.43826272627839946
7687 1 0.5546272284782656
7688 1 0.8234020864304632
7689 1 0.6136140174364417
7690 1 0.4839726787244456
7691 1 0.4431877428780248
7692 1 0.3683934274012314
7693 1 0.2563785464360998
7694 1 0.5949800733664828
7695 1 0.4664877456978123
7696 1 0.35467863386164167
7697 1 0.39795108754263653
7698 1 0.4537743654120032
7699 1 0.45944382775312975
7700 1 0.5620468199998178
7701 1 0.38238054515537306
7702 1 0.5804942863971934
7703 1 0.5961429941019359
7704 1 0.46471230771893157
7705 1 0.34584783802486246
7706 1 0.6866745236410811
7707 1 0.3699787841666967
7708 1 0.6731795004876483
7709 1 0.5611497073069007
7710 1 0.4197593639342192
7711 1 0.410016108745806
7712 1 0.4818128881788846
7713 1 0.42701884597907297
7714 1 0.5726453645245103
7715 1 0.47967633056587106
7716 1 0.6562329957921106
7717 1 0.6368284690633402
7718 1 0.5483353390806353
7719 1 0.5337536309339056
7720 1 0.6627872227751497
7721 1 0.5274583329485062
7722 1 0.5330780590213349
7723 1 0.3440669562542072
7724 1 0.5468946298167869
7725 1 0.3692051028600304
7726 1 0.501797479432013
7727 1 0.682332585449748
7728 1 0.48424082265817675
7729 1 0.7232019627025021
7730 1 0.41459366681882937
7731 1 0.33895316863752006
7732 1 0.5617489366228441
7733 1 0.4749771771924954
7734 1 0.5707282054883808
7735 1 0.5650745764571096
7736 1 0.49801666875918843
7737 1 0.5649343274661734
7738 1 0.4582226154719237
7739 1 0.33117448301133906
7740 1 0.6355156660775338
7741 1 0.6040211604761763
7742 1 0.7194091758802093
7743 1 0.5175434433031063
7744 1 0.6103046831436818
7745 1 0.46924515988207854
7746 1 0.5290706292590127
7747 1 0.38075444363471656
7748 1 0.41693950462711155
7749 1 0.6520451414184906
7750 1 0.29694304215463
7751 1 0.45747725968145825
7752 1 0.3842844746668999
7753 1 0.5861303753863285
7754 1 0.45635919192411745
7755 1 0.5459712902758753
7756 1 0.5825107060535273
7757 1 0.44123227066847037
7758 1 0.4909792329544206
7759 1 0.6996455867327787
7760 1 0.5221567278330744
7761 1 0.4236188221338262
7762 1 0.3766044572229358
7763 1 0.5518740037748228
7764 1 0.574203153376851
7765 1 0.27391939987258196
7766 1 0.5891642791060779
7767 1 0.30373975729577096
7768 1 0.3563986353270835
7769 1 0.6406094802118654
7770 1 0.5221591692343277
7771 1 0.5650700137039758
7772 1 0.5869703220180468
7773 1 0.4403527801323253
7774 1 0.46838131120874404
7775 1 0.5826252992951952
7776 1 0.5128347918760817
7777 1 0.5701819389659895
7778 1 0.48962793626161466
7779 1 0.4321153135628543
7780 1 0.78352579110424
7781 1 0.3549958189098954
7782 1 0.4682114669826286
7783 1 0.6119562002381813
7784 1 0.6144446044231456
7785 1 0.34289887261702917
7786 1 0.490900353951356
7787 1 0.5270008598817985
7788 1 0.32673384172259284
7789 1 0.5350128628847298
7790 1 0.6182882209037258
7791 1 0.30745830258849766
7792 1 0.32401777310113505
7793 1 0.5007455951091568
7794 1 0.7347479849782697
7795 1 0.5547263310245004
7796 1 0.507716481192805
7797 1 0.5045375013804881
7798 1 0.465471955845184
7799 1 0.410155160391996
7800 1 0.4730563971118041
7801 1 0.5012138543880388
7802 1 0.2312849269068654
7803 1 0.44664154467922834
7804 1 0.37383482511893334
7805 1 0.500912498959095
7806 1 0.43550314200069207
7807 1 0.46631655133836947
7808 1 0.4533727376789056
7809 1 0.3715434559258261
7810 1 0.31832754826539883
7811 1 0.5228821269990688
7812 1 0.4895894264612009
7813 1 0.5674761054528272
7814 1 0.4475509173904608
7815 1 0.4848929437114921
7816 1 0.27039261943328136
7817 1 0.6574054836339542
7818 1 0.4517206007045773
7819 1 0.5172116144209734
7820 1 0.2998366560501941
7821 1 0.3160544026957069
7822 1 0.6492879380170912
7823 1 0.4849292184912258
7824 1 0.524788035736935
7825 1 0.5684317514617653
7826 1 0.3235859895126445
7827 1 0.4917968931203311
7828 1 0.4828821675186215
7829 1 0.6356222013954669
7830 1 0.35725123755086635
7831 1 0.4249619208466977
7832 1 0.6507081621835417
7833 1 0.397099084149393
7834 1 0.28789893279137263
7835 1 0.6435669140902527
7836 1 0.49135697414619295
7837 1 0.47814293964582905
7838 1 0.3256999685268176
7839 1 0.34031826844477336
7840 1 0.32520064215733196
7841 1 0.3723390350311434
7842 1 0.751310764552574
7843 1 0.6383692816439026
7844 1 0.7276873767790804
7845 1 0.6262016885049931
7846 1 0.32601140337576157
7847 1 0.6297679801214907
7848 1 0.4895804848495407
7849 1 0.6054474086804082
7850 1 0.4079684197042562
7851 1 0.4371005443769631
7852 1 0.6609818997082867
7853 1 0.34429002264013603
7854 1 0.38176057863823665
7855 1 0.42870591164622696
7856 1 0.3787457123467138
7857 1 0.3636497415736152
7858 1 0.7054662432736211
7859 1 0.6943271441891602
7860 1 0.45227884545895913
7861 1 0.46077414068994627
7862 1 0.30250491427495085
7863 1 0.49663208768289735
7864 1 0.4748311612234484
7865 1 0.3337598641728915
7866 1 0.5296516072988112
7867 1 0.4255325072858932
7868 1 0.4873769712654375
7869 1 0.46821080278989335
7870 1 0.47867812276169414
7871 1 0.6163583151849619
7872 1 0.2850845411459602
7873 1 0.42308216894190676
7874 1 0.4658378338972616
7875 1 0.5500571480038873
7876 1 0.5797801855724557
7877 1 0.518280484584665
7878 1 0.34841313907365723
7879 1 0.49784341949086347
7880 1 0.5702544231764415
7881 1 0.7384069360549662
7882 1 0.5435595850228814
7883 1 0.44116761253641634
7884 1 0.4284138330095525
7885 1 0.5479839359936219
7886 1 0.34490530089923277
7887 1 0.5840138203582573
7888 1 0.6305084928487158
7889 1 0.31336170080224907
7890 1 0.38467363610655303
7891 1 0.6088996849946539
7892 1 0.6425789843892259
7893 1 0.4192233849390492
7894 1 0.6184793952435204
7895 1 0.42380877829047325
7896 1 0.5645233620863482
7897 1 0.3764299385783261
7898 1 0.5053274411214836
7899 1 0.5023905457611392
7900 1 0.35328392086734156
7901 1 0.5114409547932004
7902 1 0.6895599820243442
7903 1 0.6633358192838635
7904 1 0.4462334813598105
7905 1 0.4415660091178975
7906 1 0.356526501075028
7907 1 0.5973969130776409
7908 1 0.3918989616920339
7909 1 0.3955468690487484
7910 1 0.5546241948894548
7911 1 0.41090889597448077
7912 1 0.561277769958625
7913 1 0.35804833290359744
7914 1 0.4816343386019199
7915 1 0.293106679678363
7916 1 0.36535497761488595
7917 1 0.425223622656571
7918 1 0.3500696129397382
7919 1 0.41297223996709703
7920 1 0.4750186969885902
7921 1 0.5202894333644189
7922 1 0.5638338221973932
7923 1 0.21542892450712092
7924 1 0.3396496811794207
7925 1 0.4436102293367044
7926 1 0.37363859981956543
7927 1 0.37786249401698
7928 1 0.5333755270405997
7929 1 0.501135320582778
7930 1 0.41269170533020033
7931 1 0.5243063682715096
7932 1 0.5236107807780042
7933 1 0.5087276016223558
7934 1 0.6266644592310565
7935 1 0.45866816956625645
7936 1 0.4306950169299081
7937 1 0.6008727204018808
7938 1 0.46153424799913484
7939 1 0.49372939239626445
7940 1 0.6966722003267376
7941 1 0.2644182731722566
7942 1 0.4699445332952633
7943 1 0.4483939393536949
7944 1 0.3285440650825116
7945 1 0.44816912730023095
7946 1 0.5242565689080652
7947 1 0.5594147068057616
7948 1 0.25591436594803907
7949 1 0.33561227434227126
7950 1 0.5263572933282876
7951 1 0.5731683904696532
7952 1 0.5658211093734044
7953 1 0.4120278821899572
7954 1 0.533585741102031
7955 1 0.5977370818016389
7956 1 0.7278310180798441
7957 1 0.38493319330092907
7958 1 0.48096357756576097
7959 1 0.43917528299453046
7960 1 0.5431413438777053
7961 1 0.46686606942900194
7962 1 0.40008972143015414
7963 1 0.5361662204943093
7964 1 0.4865293165341505
7965 1 0.4350779852610392
7966 1 0.5497820035272315
7967 1 0.49728923056683805
7968 1 0.5327539029017981
7969 1 0.6586460177658154
7970 1 0.5913224124122087
7971 1 0.49224073932249746
7972 1 0.5670343106271637
7973 1 0.43934377343631464
7974 1 0.31975449943945417
7975 1 0.5877865717365731
7976 1 0.41941043807311096
7977 1 0.6034697224715417
7978 1 0.4866656330380312
7979 1 0.6895717547852173
7980 1 0.3181088696480276
7981 1 0.3923658068593471
7982 1 0.32877891536685244
7983 1 0.36286624129401257
7984 1 0.5816960674557938
7985 1 0.5932260252881173
7986 1 0.5998072342179284
7987 1 0.34267750575363676
7988 1 0.25971369991656873
7989 1 0.5199367450976781
7990 1 0.43091398471469505
7991 1 0.40828362089980813
7992 1 0.5909689526764849
7993 1 0.4958343673494764
7994 1 0.37910793117026464
7995 1 0.3839200183579119
7996 1 0.5866352876731299
7997 1 0.5664208711032498
7998 1 0.6222366493361431
7999 1 0.49855691244322553
8000 1 0.6041986061714582
