5001 1 0.5068009690878849
5002 1 0.4715349912908032
5003 1 0.5158788827665775
5004 1 0.4331431319443353
5005 1 0.42276238857029397
5006 1 0.5306553705205818
5007 1 0.5154879749740023
5008 1 0.5498908102440782
5009 1 0.4333857515781186
5010 1 0.5805141229339519
5011 1 0.42261111416711705
5012 1 0.7131765014818843
5013 1 0.446024261531321
5014 1 0.48162524181600436
5015 1 0.4207736802706776
5016 1 0.5937998859528668
5017 1 0.805900147831757
5018 1 0.3287371728463404
5019 1 0.6223475205309288
5020 1 0.7701268612131089
5021 1 0.46899180149917147
5022 1 0.491429364036848
5023 1 0.6339804644704542
5024 1 0.3413495597876802
5025 1 0.545735267834761
5026 1 0.2963233317613473
5027 1 0.5315291006820559
5028 1 0.5965718609469203
5029 1 0.6089791861709578
5030 1 0.4700919223712831
5031 1 0.40361820969571854
5032 1 0.2885512960630935
5033 1 0.5216291916591679
5034 1 0.39764913618286774
5035 1 0.42016028115823634
5036 1 0.48548278868212763
5037 1 0.4032308950972676
5038 1 0.5833482688828622
5039 1 0.38427864402688
5040 1 0.4720313745557439
5041 1 0.3674746700019975
5042 1 0.394845869620784
5043 1 0.45346696494871047
5044 1 0.36534831426919
5045 1 0.5478133728887963
5046 1 0.5381362879675289
5047 1 0.4388439904013722
5048 1 0.6328089867177176
5049 1 0.6105417261392354
5050 1 0.3191338561685476
5051 1 0.43919653374830203
5052 1 0.4180356880826534
5053 1 0.5762675216144518
5054 1 0.4925981293968519
5055 1 0.6445493527473429
5056 1 0.6578569973924114
5057 1 0.399474032492433
5058 1 0.3948448676113358
5059 1 0.46973230419602136
5060 1 0.4946391126646138
5061 1 0.39426771109179964
5062 1 0.5173595699561768
5063 1 0.4417139296060998
5064 1 0.6616426293938
5065 1 0.379989921418281
5066 1 0.48662479745588055
5067 1 0.7134130395976409
5068 1 0.5738121960914255
5069 1 0.37336497385737294
5070 1 0.364844972414918
5071 1 0.5034739056388964
5072 1 0.45427933720884967
5073 1 0.38637815955622123
5074 1 0.5554306928952354
5075 1 0.5330942602785707
5076 1 0.49531071915201114
5077 1 0.48975060493074746
5078 1 0.4906263677392063
5079 1 0.3014117053726732
5080 1 0.5501368349200709
5081 1 0.35330455821291923
5082 1 0.305526965399421
5083 1 0.5579865720078807
5084 1 0.3204210256406223
5085 1 0.4566576623877875
5086 1 0.3579632699566896
5087 1 0.5171550633891724
5088 1 0.36826695522960634
5089 1 0.29890499187773695
5090 1 0.55561085123368
5091 1 0.5415625398997389
5092 1 0.29226611611925224
5093 1 0.4154892664540182
5094 1 0.32946717880158377
5095 1 0.5855576316124345
5096 1 0.36784577929679324
5097 1 0.5227038867820756
5098 1 0.3417759813299777
5099 1 0.40579703039385917
5100 1 0.42753881551992584
5101 1 0.5770462298394241
5102 1 0.5682029023074631
5103 1 0.3696821951167312
5104 1 0.5570111326547463
5105 1 0.5942561162020363
5106 1 0.5282311480050745
5107 1 0.5322622767235694
5108 1 0.5277320430683153
5109 1 0.5407428900026151
5110 1 0.56162422422191
5111 1 0.5141712418209118
5112 1 0.33375285544486427
5113 1 0.48360946054073095
5114 1 0.4827730651890851
5115 1 0.4878883150921395
5116 1 0.4787226681855659
5117 1 0.45322463562904813
5118 1 0.42520096365656185
5119 1 0.45505570814549184
5120 1 0.44557662975216883
5121 1 0.37390983827564866
5122 1 0.3804104974924742
5123 1 0.6686829430727219
5124 1 0.35599930456310713
5125 1 0.46267981934866537
5126 1 0.3692221375742318
5127 1 0.4463163413542422
5128 1 0.3418178863135723
5129 1 0.531629566805748
5130 1 0.5035445023067023
5131 1 0.5058552174049127
5132 1 0.6372904170482001
5133 1 0.4828338376908301
5134 1 0.5345736316437346
5135 1 0.3382545957959051
5136 1 0.44019617575115927
5137 1 0.5461460053761272
5138 1 0.5093569364704689
5139 1 0.43028139269661997
5140 1 0.4842013720850081
5141 1 0.48726896327488783
5142 1 0.43952694344436616
5143 1 0.4127669333821046
5144 1 0.752326028911073
5145 1 0.3711437793709225
5146 1 0.48403997829849627
5147 1 0.49064175560022694
5148 1 0.4596326569621848
5149 1 0.3882966012414188
5150 1 0.5965801358879077
5151 1 0.534742599088517
5152 1 0.3711579240189893
5153 1 0.4033923851147519
5154 1 0.6684820494969816
5155 1 0.3540603556108783
5156 1 0.5639362238012806
5157 1 0.5009370288152126
5158 1 0.3324618036903327
5159 1 0.48378891076894953
5160 1 0.6013305917707052
5161 1 0.33159839620852516
5162 1 0.4355642082830347
5163 1 0.6004989310988885
5164 1 0.2936407997062529
5165 1 0.6087038563102962
5166 1 0.6915091735055015
5167 1 0.6455507162842042
5168 1 0.4364549582647235
5169 1 0.32157629066907134
5170 1 0.40839637878050633
5171 1 0.4785468003434456
5172 1 0.35662353893243537
5173 1 0.6061630719898219
5174 1 0.7550517216051261
5175 1 0.5048813318504919
5176 1 0.4259097897560478
5177 1 0.4382517534564312
5178 1 0.22032748370510574
5179 1 0.6553447611543892
5180 1 0.49682390254321407
5181 1 0.5813191471599523
5182 1 0.7458848255807261
5183 1 0.3992273496208415
5184 1 0.33325094408554673
5185 1 0.5818178771372947
5186 1 0.3946189953827913
5187 1 0.4607844836412519
5188 1 0.34636380331073163
5189 1 0.5534447444645829
5190 1 0.5191829028452494
5191 1 0.29049481453006254
5192 1 0.4052312314883757
5193 1 0.5299202472418496
5194 1 0.3503081283706589
5195 1 0.4911014073936163
5196 1 0.5137682893006256
5197 1 0.6427932549004979
5198 1 0.5489645726364565
5199 1 0.5288447717662891
5200 1 0.725739570834126
5201 1 0.4998664221180859
5202 1 0.35260822445158424
5203 1 0.48879066710743313
5204 1 0.42666822791061654
5205 1 0.46811369673647835
5206 1 0.5968812652709433
5207 1 0.4782684168332227
5208 1 0.44766120076044097
5209 1 0.6507752912280318
5210 1 0.6042694989923553
5211 1 0.4870510728393981
5212 1 0.36841671616645894
5213 1 0.49025891445689046
5214 1 0.5437338071717065
5215 1 0.3630333242935708
5216 1 0.43819357136171155
5217 1 0.5225313237838558
5218 1 0.5447088988754604
5219 1 0.3861928572564582
5220 1 0.3060712044679523
5221 1 0.5863579726680757
5222 1 0.45255551593661303
5223 1 0.3733260478820582
5224 1 0.33343435527074283
5225 1 0.24330701360924803
5226 1 0.5815912239761546
5227 1 0.5353313354983852
5228 1 0.7105018039802619
5229 1 0.3687698856407838
5230 1 0.37003708555829773
5231 1 0.6396915359584169
5232 1 0.5028382014365731
5233 1 0.45775879320402
5234 1 0.4661530315999759
5235 1 0.66255990150666
5236 1 0.5855460075805429
5237 1 0.7302428608979195
5238 1 0.6311902479406598
5239 1 0.41950555769044234
5240 1 0.6108774641920848
5241 1 0.30392958612860044
5242 1 0.5595505651416063
5243 1 0.5189411262638499
5244 1 0.42869036026768237
5245 1 0.5446355572063166
5246 1 0.5229928671663109
5247 1 0.528074200416363
5248 1 0.6620392538017212
5249 1 0.41698495948046305
5250 1 0.43870980815310057
5251 1 0.7057270625159133
5252 1 0.4575998181746291
5253 1 0.3905233315723914
5254 1 0.525425974577703
5255 1 0.3235898817463937
5256 1 0.3809837237656431
5257 1 0.6635768854089048
5258 1 0.4945448513495272
5259 1 0.4865091665778203
5260 1 0.46526583939635563
5261 1 0.5814708133277081
5262 1 0.5247835471901258
5263 1 0.4402052596728877
5264 1 0.41081806079043465
5265 1 0.5682116199425565
5266 1 0.44091448054211113
5267 1 0.47642469925594955
5268 1 0.5175162455516894
5269 1 0.27814573151709393
5270 1 0.2997199123672393
5271 1 0.39818649358357927
5272 1 0.4141907667965519
5273 1 0.4452247632644533
5274 1 0.5127669206497227
5275 1 0.38724135206375687
5276 1 0.41903601777911204
5277 1 0.39155445007914697
5278 1 0.5774560420028823
5279 1 0.5042820826978668
5280 1 0.6013403059585118
5281 1 0.5022552271939262
5282 1 0.5261492522336508
5283 1 0.3922602297388157
5284 1 0.30319210281196146
5285 1 0.36701964306834933
5286 1 0.6131526239033123
5287 1 0.509028340374337
5288 1 0.46942018687296166
5289 1 0.4378772415841832
5290 1 0.7591143412338272
5291 1 0.526627998816887
5292 1 0.81216690320462
5293 1 0.5667023811776675
5294 1 0.436925674431969
5295 1 0.4431012731083753
5296 1 0.6146479005703287
5297 1 0.4914834185596441
5298 1 0.2949953359071247
5299 1 0.48666790388336295
5300 1 0.37330638673847166
5301 1 0.4431573378580926
5302 1 0.40720382894911955
5303 1 0.5113106493047481
5304 1 0.5454889821185809
5305 1 0.29659615943219997
5306 1 0.45821188141506497
5307 1 0.714510100928499
5308 1 0.3338370772505636
5309 1 0.5430582248728864
5310 1 0.47437853545092773
5311 1 0.8401350412859896
5312 1 0.672555801405575
5313 1 0.38208221259947767
5314 1 0.6370370278228776
5315 1 0.7616662040181329
5316 1 0.6938928182629988
5317 1 0.21970193610790448
5318 1 0.42368770931462285
5319 1 0.5162764822956876
5320 1 0.5313405042805156
5321 1 0.5211291457124044
5322 1 0.5013936639699391
5323 1 0.5316124511763378
5324 1 0.6145433410517999
5325 1 0.5124863508472002
5326 1 0.33746136422018164
5327 1 0.3286601802787583
5328 1 0.5859919950239935
5329 1 0.4229381945957781
5330 1 0.4646960731018011
5331 1 0.4090683578416464
5332 1 0.34541551881960386
5333 1 0.3876308356484855
5334 1 0.28599178434657074
5335 1 0.2664651887018431
5336 1 0.42936150077099566
5337 1 0.3052153796862516
5338 1 0.4013531124543434
5339 1 0.5705784932799085
5340 1 0.4234034344021856
5341 1 0.5208204265908645
5342 1 0.4068081676944751
5343 1 0.42480585445479324
5344 1 0.45465893760515136
5345 1 0.36585092821609594
5346 1 0.4590424348573468
5347 1 0.6479286485913995
5348 1 0.4108263100821312
5349 1 0.6090449913245347
5350 1 0.3381995652951866
5351 1 0.5423995638567175
5352 1 0.5223101113302486
5353 1 0.6535001383522219
5354 1 0.47534771993584385
5355 1 0.3949618562674247
5356 1 0.39771244685723967
5357 1 0.5726296386358883
5358 1 0.7610082802543187
5359 1 0.47536939769890346
5360 1 0.7559651466011553
5361 1 0.6228702808227023
5362 1 0.4739612889341091
5363 1 0.480515774004899
5364 1 0.6136829524757045
5365 1 0.23777247618594102
5366 1 0.6264601859328849
5367 1 0.3929704120478485
5368 1 0.4317787937074948
5369 1 0.40061742844995357
5370 1 0.46558874536998535
5371 1 0.5550045490928434
5372 1 0.5282394730847577
5373 1 0.32480495404078885
5374 1 0.4527016697475323
5375 1 0.48943898414421577
5376 1 0.34895479187384626
5377 1 0.3711184325993909
5378 1 0.5076252556413148
5379 1 0.6236135856320808
5380 1 0.3565141828251778
5381 1 0.47594785027209563
5382 1 0.44387004854662626
5383 1 0.537436066625168
5384 1 0.6012450205434265
5385 1 0.46726035301621394
5386 1 0.5765948843566585
5387 1 0.7069258970957559
5388 1 0.5486485686681881
5389 1 0.4353751442366649
5390 1 0.7051393403074739
5391 1 0.4972826395690133
5392 1 0.5412350009339875
5393 1 0.4532213199639409
5394 1 0.5893188920162021
5395 1 0.34066396169122737
5396 1 0.6559504654795865
5397 1 0.44739954454198433
5398 1 0.4228357032325533
5399 1 0.3984831167051875
5400 1 0.5408156632750389
5401 1 0.424029701484401
5402 1 0.41042111550276766
5403 1 0.7542134238827497
5404 1 0.3687473451468249
5405 1 0.6343036787496141
5406 1 0.6192970101870685
5407 1 0.23446315272756812
5408 1 0.3432192132793426
5409 1 0.5065331755978045
5410 1 0.29071683011226035
5411 1 0.37470032929186947
5412 1 0.7240217288649878
5413 1 0.41630261676142133
5414 1 0.39804410008259017
5415 1 0.5525638857641598
5416 1 0.39693244070697736
5417 1 0.5617593382406418
5418 1 0.40758686233033187
5419 1 0.7243578250457309
5420 1 0.41589694308335706
5421 1 0.4657207191826848
5422 1 0.6098158590911624
5423 1 0.566445287975955
5424 1 0.5780970455121259
5425 1 0.3317490116384525
5426 1 0.7307341433018402
5427 1 0.5210179044481744
5428 1 0.5001811786951759
5429 1 0.471267975042773
5430 1 0.5600049886315331
5431 1 0.43934840305422335
5432 1 0.48293883768913787
5433 1 0.5176309197349273
5434 1 0.5613836896935787
5435 1 0.19368869369380828
5436 1 0.5130525753516563
5437 1 0.718415175047405
5438 1 0.3836578410476196
5439 1 0.767830910998668
5440 1 0.39244200472069063
5441 1 0.38451959595590074
5442 1 0.6099183819294673
5443 1 0.46046080808345363
5444 1 0.33363471757928614
5445 1 0.42009713709881047
5446 1 0.3857258447888119
5447 1 0.29408490531422216
5448 1 0.34580324068292456
5449 1 0.5023099344687667
5450 1 0.3545534052852055
5451 1 0.5218559211486961
5452 1 0.2987159632474227
5453 1 0.6480121749006299
5454 1 0.5290241653314547
5455 1 0.3278045127670154
5456 1 0.5680255017950019
5457 1 0.3211969644407543
5458 1 0.3424483036909269
5459 1 0.4722564131164343
5460 1 0.4794036644486451
5461 1 0.41677057066084855
5462 1 0.3558199860741803
5463 1 0.3640848841911217
5464 1 0.4644743920016449
5465 1 0.39818262436301705
5466 1 0.6538867843292832
5467 1 0.5233467597107512
5468 1 0.4783851637454048
5469 1 0.33676094919008775
5470 1 0.4987776184353736
5471 1 0.4068247565117042
5472 1 0.4877523723482484
5473 1 0.39450088861005855
5474 1 0.3872229491984579
5475 1 0.36660201177262697
5476 1 0.4586191882781115
5477 1 0.37752148780277744
5478 1 0.49581696134004244
5479 1 0.5099865074080462
5480 1 0.5340331630473139
5481 1 0.7961566265550176
5482 1 0.3075727026301118
5483 1 0.5182528784084925
5484 1 0.6745386580290625
5485 1 0.6166255661121406
5486 1 0.6319584778108502
5487 1 0.4667309616182948
5488 1 0.5617653666411753
5489 1 0.43559130178972344
5490 1 0.5166746807871421
5491 1 0.2905161666024869
5492 1 0.4533888619619079
5493 1 0.611055122963644
5494 1 0.512821971751593
5495 1 0.40513402540799875
5496 1 0.5068899647063756
5497 1 0.3121115418069611
5498 1 0.7013091468547021
5499 1 0.3416315123057743
5500 1 0.5759481564819231
5501 1 0.35148903462344366
5502 1 0.5942903098172935
5503 1 0.4853838078316287
5504 1 0.6426270005601965
5505 1 0.39464971479765354
5506 1 0.5112666628930664
5507 1 0.32983156781083955
5508 1 0.4174462797958071
5509 1 0.4655098863222272
5510 1 0.2691793842396845
5511 1 0.29060721129088934
5512 1 0.5304212019722474
5513 1 0.5973263790963854
5514 1 0.5536314524667433
5515 1 0.38591529031895566
5516 1 0.507807805400483
5517 1 0.3902222249125713
5518 1 0.5500029373710189
5519 1 0.5419985353891165
5520 1 0.5570547466772126
5521 1 0.4343914488434079
5522 1 0.5210769573402714
5523 1 0.310339116934364
5524 1 0.6539949656041218
5525 1 0.44078147374574295
5526 1 0.5954384835154001
5527 1 0.43515863859926873
5528 1 0.6224738449489311
5529 1 0.44991390807630116
5530 1 0.6082805482043963
5531 1 0.31831138594341746
5532 1 0.46150175934996873
5533 1 0.36367773212009524
5534 1 0.49960541482932297
5535 1 0.2950040219221521
5536 1 0.6389044123540224
5537 1 0.462090531742655
5538 1 0.361204243854473
5539 1 0.7839252775169702
5540 1 0.6277311899460145
5541 1 0.35215688167082504
5542 1 0.5176624508325371
5543 1 0.3918240169949366
5544 1 0.612313773903991
5545 1 0.5096390461662572
5546 1 0.4826764824550136
5547 1 0.5390144503290919
5548 1 0.46317532289301727
5549 1 0.2568078667304943
5550 1 0.8308897254019192
5551 1 0.5947543748308235
5552 1 0.4515130290868621
5553 1 0.45037764687197535
5554 1 0.5246098911314296
5555 1 0.5376495561906638
5556 1 0.5132373302117252
5557 1 0.37722585365508376
5558 1 0.7685003924700005
5559 1 0.35434333146450087
5560 1 0.4280514989882618
5561 1 0.2751800623579021
5562 1 0.5949252984623973
5563 1 0.7611669047609757
5564 1 0.46229118810858694
5565 1 0.3057170489457883
5566 1 0.46917304928663034
5567 1 0.6705685316542105
5568 1 0.5405124637991631
5569 1 0.31705808606989067
5570 1 0.5999876389134617
5571 1 0.35240673233527625
5572 1 0.43106643517607923
5573 1 0.6831073002541234
5574 1 0.34431735738987196
5575 1 0.3879788891700956
5576 1 0.4117496554488325
5577 1 0.4052455113290303
5578 1 0.43006286417900413
5579 1 0.3577720639177459
5580 1 0.6518916885258818
5581 1 0.3420269870560688
5582 1 0.4958643892776112
5583 1 0.5163913908812829
5584 1 0.2822829315728768
5585 1 0.5172542318248237
5586 1 0.36238391515848956
5587 1 0.5161345998166172
5588 1 0.49048208512708913
5589 1 0.4343166700495086
5590 1 0.57634728350143
5591 1 0.4847669016861187
5592 1 0.3165812566195666
5593 1 0.3019230227065311
5594 1 0.2994540322272622
5595 1 0.6556511177073624
5596 1 0.6051367979434418
5597 1 0.3839724834418697
5598 1 0.6920969679563681
5599 1 0.5493162487315688
5600 1 0.4757583476571223
5601 1 0.42937174178416393
5602 1 0.5422239838507805
5603 1 0.3321093713233765
5604 1 0.44802929288935295
5605 1 0.5611683771699818
5606 1 0.43362631535402263
5607 1 0.34796044206042903
5608 1 0.760115625542586
5609 1 0.6203196025189559
5610 1 0.4384687255524101
5611 1 0.5308244981613972
5612 1 0.2953148528528762
5613 1 0.4728315285929948
5614 1 0.6736911838313502
5615 1 0.615483515503419
5616 1 0.2372322147872857
5617 1 0.4817207203388799
5618 1 0.555065828978684
5619 1 0.5950459165722195
5620 1 0.4983400393593087
5621 1 0.5931195018458322
5622 1 0.4783541654043903
5623 1 0.6008043220733692
5624 1 0.5082824402152385
5625 1 0.29004424225610825
5626 1 0.45335871964290836
5627 1 0.34506293792137427
5628 1 0.38181490448202526
5629 1 0.39658887242386603
5630 1 0.3697834590968061
5631 1 0.5448667047136947
5632 1 0.4675530465504809
5633 1 0.42991083811716513
5634 1 0.574396223918893
5635 1 0.5353156654951657
5636 1 0.46916305155948956
5637 1 0.5216327751656105
5638 1 0.5584271695283397
5639 1 0.48487057202044553
5640 1 0.6310931315537174
5641 1 0.40191528193245474
5642 1 0.5795654399561802
5643 1 0.4188926551672512
5644 1 0.35845741464221015
5645 1 0.699192204688414
5646 1 0.5607226326171435
5647 1 0.20192650457798825
5648 1 0.5931773775593777
5649 1 0.33167805646051807
5650 1 0.6758472286446354
5651 1 0.6627419054209771
5652 1 0.4444775149754664
5653 1 0.31903125702821544
5654 1 0.4859165733107171
5655 1 0.4063017944525389
5656 1 0.36386784562578334
5657 1 0.5515271426684446
5658 1 0.4582773597444821
5659 1 0.584209437416195
5660 1 0.3680375662539503
5661 1 0.6033978291437757
5662 1 0.44529903143184935
5663 1 0.441138485011969
5664 1 0.2430259352627443
5665 1 0.6306820272775785
5666 1 0.5351336018599151
5667 1 0.4185040193139909
5668 1 0.5531347314378116
5669 1 0.4328112265624676
5670 1 0.4864323913306426
5671 1 0.48448433601026064
5672 1 0.4638456071370662
5673 1 0.48901642259611705
5674 1 0.5383021133610061
5675 1 0.5484015705844745
5676 1 0.41001986224140763
5677 1 0.4562265775513541
5678 1 0.5065461460461171
5679 1 0.3808174628746233
5680 1 0.6690720109306871
5681 1 0.4331222829459767
5682 1 0.4685010655727669
5683 1 0.24180129164419256
5684 1 0.43028640000231305
5685 1 0.5158590869444434
5686 1 0.45931123980730804
5687 1 0.42295896133451505
5688 1 0.6109265541799734
5689 1 0.3681983862133682
5690 1 0.6266332333810961
5691 1 0.3636906574910316
5692 1 0.4414824514258503
5693 1 0.6442498946278103
5694 1 0.4446413712257015
5695 1 0.5201079241413573
5696 1 0.42251498747901794
5697 1 0.5875809818099542
5698 1 0.5605689686648768
5699 1 0.29397387372569544
5700 1 0.34649704312550295
5701 1 0.45679004017022695
5702 1 0.6535737574317582
5703 1 0.7866010759082975
5704 1 0.5575850155682128
5705 1 0.2337863892696797
5706 1 0.4215509535061384
5707 1 0.6502116716291727
5708 1 0.44643925619593633
5709 1 0.3764537522181985
5710 1 0.29516935859514926
5711 1 0.5666585149327814
5712 1 0.42244079104000865
5713 1 0.2569640170032244
5714 1 0.5998379140648713
5715 1 0.4172652041986543
5716 1 0.414493671569194
5717 1 0.6396995797130932
5718 1 0.4896276205881742
5719 1 0.5418637790501404
5720 1 0.3853352561625148
5721 1 0.4725572775578488
5722 1 0.3586420411108394
5723 1 0.3676681026788109
5724 1 0.5788627665363454
5725 1 0.4094308156016535
5726 1 0.5081856585212263
5727 1 0.4082375837311082
5728 1 0.5520217327632583
5729 1 0.5934044994197888
5730 1 0.4238692805520284
5731 1 0.5676863972925037
5732 1 0.47660855669399205
5733 1 0.6774807746149304
5734 1 0.5998551330954565
5735 1 0.3063865130847377
5736 1 0.5673465009703008
5737 1 0.4659538558940554
5738 1 0.4295074399503364
5739 1 0.4398921029077047
5740 1 0.6587357972561577
5741 1 0.269950581598381
5742 1 0.5562547812795556
5743 1 0.2564810073523247
5744 1 0.5112206905857025
5745 1 0.2726385123283319
5746 1 0.4883866811421599
5747 1 0.5468130144588053
5748 1 0.3630300831643011
5749 1 0.38409652142198564
5750 1 0.8114842208894951
5751 1 0.4613009326521842
5752 1 0.42267783685619326
5753 1 0.6155542490245581
5754 1 0.5003598175174377
5755 1 0.5050316193490958
5756 1 0.4046251831648018
5757 1 0.5271586962856573
5758 1 0.4826960299825227
5759 1 0.47702284293204894
5760 1 0.45406120932630223
5761 1 0.5037595043895248
5762 1 0.35371172965930925
5763 1 0.5428117006947487
5764 1 0.31606215164170526
5765 1 0.3661592322303567
5766 1 0.4639820425424126
5767 1 0.4314650664235283
5768 1 0.23541695330561951
5769 1 0.528279106853966
5770 1 0.577579462936981
5771 1 0.6719467797808863
5772 1 0.42643452376470387
5773 1 0.5526589874296237
5774 1 0.6357165635942491
5775 1 0.6676461082933135
5776 1 0.3805878660553565
5777 1 0.6419489581174243
5778 1 0.35754493919716196
5779 1 0.5558500757106435
5780 1 0.35845232882016287
5781 1 0.8078781651220912
5782 1 0.41168506074143785
5783 1 0.43563804072881945
5784 1 0.36718027358416155
5785 1 0.3740524897984862
5786 1 0.25994101269680386
5787 1 0.4157990947294487
5788 1 0.5041361584784154
5789 1 0.5056597505258134
5790 1 0.4781452718596593
5791 1 0.4486500754124474
5792 1 0.609715620291889
5793 1 0.38228455269768374
5794 1 0.5447112438743945
5795 1 0.35772706882727323
5796 1 0.5870877020696604
5797 1 0.5319193045821715
5798 1 0.48035844423384605
5799 1 0.5214033015842001
5800 1 0.5635919638835928
5801 1 0.5599044889238776
5802 1 0.4480083242118778
5803 1 0.6454431197499297
5804 1 0.3852811976460213
5805 1 0.6122959068663485
5806 1 0.49060109596483037
5807 1 0.6022314193007604
5808 1 0.7281702712849623
5809 1 0.3756655777178094
5810 1 0.3037674371378666
5811 1 0.37145515294363163
5812 1 0.3836880103735033
5813 1 0.494906773940904
5814 1 0.6125917250668155
5815 1 0.4692775029128658
5816 1 0.4717964173773905
5817 1 0.6575667441126926
5818 1 0.6541706130415964
5819 1 0.5034138539665785
5820 1 0.4760753525408558
5821 1 0.2600296753094711
5822 1 0.4887773160057192
5823 1 0.4318004342751285
5824 1 0.44149464808540867
5825 1 0.5673424711451095
5826 1 0.5608041908112122
5827 1 0.3378425639538917
5828 1 0.5844236935079788
5829 1 0.5406320657172982
5830 1 0.3718188755853665
5831 1 0.46658052409901873
5832 1 0.669239701143595
5833 1 0.7361044484874149
5834 1 0.2590294363213471
5835 1 0.4872231723446519
5836 1 0.713549561216765
5837 1 0.4648295036386886
5838 1 0.30635449440017254
5839 1 0.25965406290339216
5840 1 0.46970218983290357
5841 1 0.5771171908299676
5842 1 0.48049767682220673
5843 1 0.5950369653915022
5844 1 0.4522212485661217
5845 1 0.4354050297991458
5846 1 0.2572455276707654
5847 1 0.502196762535231
5848 1 0.4481758998465304
5849 1 0.44209621653495507
5850 1 0.5825877186027768
5851 1 0.8593208626936565
5852 1 0.507152736576719
5853 1 0.7720015594958616
5854 1 0.39560060033248595
5855 1 0.5014144183321684
5856 1 0.5603526707656472
5857 1 0.35736725646341855
5858 1 0.5816852174762667
5859 1 0.5440990009834787
5860 1 0.3949722565012678
5861 1 0.6175349737253885
5862 1 0.3988901778569908
5863 1 0.6098644909110149
5864 1 0.3656769831481503
5865 1 0.4080778837731485
5866 1 0.46162301215452367
5867 1 0.5340067676336563
5868 1 0.3828881262601098
5869 1 0.3717769464286994
5870 1 0.16227341419131408
5871 1 0.43667191881456746
5872 1 0.5070205648057982
5873 1 0.7513027407927453
5874 1 0.5994395159149084
5875 1 0.4006339856734777
5876 1 0.40564040522701406
5877 1 0.7286448965965634
5878 1 0.41778015385959866
5879 1 0.4827517870330137
5880 1 0.5291884197915429
5881 1 0.48493421700551237
5882 1 0.3166424419351804
5883 1 0.3883086005095182
5884 1 0.38786252338581345
5885 1 0.5609306643404309
5886 1 0.49993914020367475
5887 1 0.49495030326535217
5888 1 0.44573523297228707
5889 1 0.5231138370641967
5890 1 0.5644035596925128
5891 1 0.660534365609964
5892 1 0.5617201481145371
5893 1 0.3974099455139365
5894 1 0.33991683105155684
5895 1 0.5664356825801556
5896 1 0.3361841141829621
5897 1 0.6821277009972512
5898 1 0.453048074320259
5899 1 0.4041731233769661
5900 1 0.661981685945568
5901 1 0.5014974128601618
5902 1 0.37285555372748197
5903 1 0.7753830221777709
5904 1 0.5764598573425355
5905 1 0.6837265986243688
5906 1 0.4136642476315249
5907 1 0.3643578659158855
5908 1 0.3056175709260964
5909 1 0.6287966062336723
5910 1 0.5168099293130747
5911 1 0.24831418998821014
5912 1 0.32094184010549287
5913 1 0.3823957922089046
5914 1 0.36737542721503597
5915 1 0.6136450159619835
5916 1 0.6190059070801787
5917 1 0.46582751862504684
5918 1 0.26275607681231766
5919 1 0.42061990337454
5920 1 0.4809362035117163
5921 1 0.5161288701789178
5922 1 0.7149499451031894
5923 1 0.3682658360980624
5924 1 0.49441954247736675
5925 1 0.1857981322536504
5926 1 0.5924501420306939
5927 1 0.4980319536276302
5928 1 0.6101185806677647
5929 1 0.30496473932415913
5930 1 0.5486728010399823
5931 1 0.6866432942191999
5932 1 0.36278905063640393
5933 1 0.46848034901226737
5934 1 0.4704193890023439
5935 1 0.5226670320331257
5936 1 0.5911559591251467
5937 1 0.41414004338643184
5938 1 0.568263508800566
5939 1 0.43773096558984886
5940 1 0.509187826834243
5941 1 0.6646867383679685
5942 1 0.5049726339939804
5943 1 0.4514801625390235
5944 1 0.46135075462021935
5945 1 0.2850088150022267
5946 1 0.3897735605188047
5947 1 0.5171601181183743
5948 1 0.6494974261218732
5949 1 0.2612418503148069
5950 1 0.3689368599933203
5951 1 0.6396432100716009
5952 1 0.40033182275319146
5953 1 0.531251797328581
5954 1 0.2856495714821752
5955 1 0.48663201973468356
5956 1 0.38381447574398025
5957 1 0.2497524311207117
5958 1 0.5772218908528336
5959 1 0.44977392722985243
5960 1 0.5448544500466702
5961 1 0.4129560428221833
5962 1 0.36023509957014105
5963 1 0.4565172983177363
5964 1 0.4195754326852679
5965 1 0.5673489481314411
5966 1 0.5179416259120349
5967 1 0.2670963151516015
5968 1 0.36110489927435974
5969 1 0.3542235627337119
5970 1 0.5934123498821481
5971 1 0.5083138484967683
5972 1 0.5022615921326623
5973 1 0.3954697986633796
5974 1 0.3025342426441533
5975 1 0.5566160818822203
5976 1 0.31631993443501394
5977 1 0.34848455294684827
5978 1 0.5818650940152059
5979 1 0.4479121814171841
5980 1 0.39105509070564065
5981 1 0.6192222461553508
5982 1 0.40377330129594735
5983 1 0.43464333720298276
5984 1 0.32234677738688217
5985 1 0.46568754517286937
5986 1 0.6291454746277159
5987 1 0.6473648795913524
5988 1 0.5149475480280229
5989 1 0.5483957820430334
5990 1 0.22050256551376923
5991 1 0.5102201785235772
5992 1 0.35065292559222144
5993 1 0.4844955045102204
5994 1 0.4054563808181514
5995 1 0.4494056817587772
5996 1 0.5468650600463713
5997 1 0.45157590790151486
5998 1 0.410522396116658
5999 1 0.3256665894676614
6000 1 0.5499308421967783
