6001 1 0.3371690523805768
6002 1 0.6264187989437039
6003 1 0.6021578527719552
6004 1 0.5493976261020918
6005 1 0.3864207383279692
6006 1 0.41040975580619304
6007 1 0.4729920947615111
6008 1 0.456910070797937
6009 1 0.4137076769421916
6010 1 0.4358670579611055
6011 1 0.6087315781587073
6012 1 0.4661691022119031
6013 1 0.44458451459037684
6014 1 0.564019169126395
6015 1 0.5765989402924591
6016 1 0.4790396401048203
6017 1 0.39686686420905154
6018 1 0.3740614628720463
6019 1 0.6541263477433039
6020 1 0.5465107556634207
6021 1 0.40197154927993606
6022 1 0.537259486441875
6023 1 0.5210397045132739
6024 1 0.5324154993656844
6025 1 0.377113558371076
6026 1 0.3612558468006548
6027 1 0.4633949319759772
6028 1 0.4311381672533705
6029 1 0.45297484696576024
6030 1 0.3419537668717727
6031 1 0.5461112988673176
6032 1 0.6670232976573333
6033 1 0.4623642433386824
6034 1 0.6489584685929223
6035 1 0.44928058627922624
6036 1 0.5977485016541041
6037 1 0.5060168211439185
6038 1 0.3960911734267536
6039 1 0.3692885146964495
6040 1 0.3580936284703716
6041 1 0.41664243032314263
6042 1 0.3432483991803105
6043 1 0.38866845062238053
6044 1 0.49240315499468074
6045 1 0.5545726486326871
6046 1 0.3948504169922515
6047 1 0.5392518124513818
6048 1 0.29406963698733224
6049 1 0.6083382639196162
6050 1 0.7852300187303302
6051 1 0.3921679944672735
6052 1 0.8762029652623688
6053 1 0.4565416382293885
6054 1 0.32409316188947374
6055 1 0.5533419843901084
6056 1 0.3959215519777775
6057 1 0.3761055208122981
6058 1 0.7872118395626979
6059 1 0.4989812073746154
6060 1 0.44813326036531
6061 1 0.35975064482027136
6062 1 0.440103315393483
6063 1 0.486256738251906
6064 1 0.48011082483362677
6065 1 0.37589799112181516
6066 1 0.4462316946217769
6067 1 0.49222708609691707
6068 1 0.6079857019222515
6069 1 0.512865813559796
6070 1 0.25657337191158197
6071 1 0.4458564550135096
6072 1 0.4043816302843401
6073 1 0.41349410953254806
6074 1 0.42189814305788037
6075 1 0.66105028970671
6076 1 0.19034662940339106
6077 1 0.35822020443858715
6078 1 0.5362104480040525
6079 1 0.5958939717276868
6080 1 0.29013174935899794
6081 1 0.34416561934874357
6082 1 0.5591304282027789
6083 1 0.6454554151183981
6084 1 0.32586552763426074
6085 1 0.27044963071564043
6086 1 0.5419858431683884
6087 1 0.48405130520193845
6088 1 0.37943239327556016
6089 1 0.41474841257540873
6090 1 0.6584644920407436
6091 1 0.3574358668005852
6092 1 0.5043761225802269
6093 1 0.7266053958736272
6094 1 0.42131352088125007
6095 1 0.3899225780611808
6096 1 0.4110765646899615
6097 1 0.5674356758833972
6098 1 0.4505045879537596
6099 1 0.3514175984092721
6100 1 0.6727889848550677
6101 1 0.5823293288597287
6102 1 0.4091902303283223
6103 1 0.5759895331507573
6104 1 0.5624465679008731
6105 1 0.4648383092142077
6106 1 0.6129191513786674
6107 1 0.44405815936465043
6108 1 0.5869917569036748
6109 1 0.4441637343762987
6110 1 0.4444693873795057
6111 1 0.36120579510934636
6112 1 0.35058522127078
6113 1 0.761011946560784
6114 1 0.41530669837392814
6115 1 0.6333233981126093
6116 1 0.5182931788351931
6117 1 0.6807534198510503
6118 1 0.5042328042417308
6119 1 0.292805935627813
6120 1 0.4310925376790534
6121 1 0.5401457071468407
6122 1 0.2689227519607365
6123 1 0.45474988329467236
6124 1 0.41491715465966983
6125 1 0.541110892069038
6126 1 0.6866248168839663
6127 1 0.3794401850846077
6128 1 0.5042620263495856
6129 1 0.5453070266031312
6130 1 0.314758916394954
6131 1 0.44576545479617974
6132 1 0.21813548323882326
6133 1 0.7568765437347281
6134 1 0.4676080444030527
6135 1 0.2779951353043639
6136 1 0.3975895877032401
6137 1 0.5873554746158955
6138 1 0.5249692238298213
6139 1 0.5779974220849438
6140 1 0.612692980387289
6141 1 0.2508781709157201
6142 1 0.37083288596453634
6143 1 0.5373784834400709
6144 1 0.5702851395861452
6145 1 0.460184805251831
6146 1 0.5514144059029386
6147 1 0.3922364290685744
6148 1 0.6139752335256159
6149 1 0.56647971296205
6150 1 0.5290158378265558
6151 1 0.2706563261319654
6152 1 0.7229521733933689
6153 1 0.4134529029319561
6154 1 0.5353766251339256
6155 1 0.40220946896455906
6156 1 0.2753144192480562
6157 1 0.46817136786200136
6158 1 0.5093487034171722
6159 1 0.6791265551387772
6160 1 0.3561725404268438
6161 1 0.6288466439536301
6162 1 0.40089400696712346
6163 1 0.7152280437955678
6164 1 0.49824517030365156
6165 1 0.4302187351301664
6166 1 0.6058165675219384
6167 1 0.4371704295603301
6168 1 0.6688127314103138
6169 1 0.2115106390790902
6170 1 0.5638885244372752
6171 1 0.5402690290293359
6172 1 0.3154413757352317
6173 1 0.5133571872915359
6174 1 0.35800590228088797
6175 1 0.6059904441566273
6176 1 0.37220871944641326
6177 1 0.35540210013082246
6178 1 0.3011090029210045
6179 1 0.417312615106992
6180 1 0.5938793674111137
6181 1 0.4072679532042339
6182 1 0.3794809376294857
6183 1 0.5307076761070739
6184 1 0.3478066283774616
6185 1 0.6509493721475913
6186 1 0.5089654693889127
6187 1 0.3717256536860423
6188 1 0.6132732193821826
6189 1 0.42356218764297604
6190 1 0.6089512148943971
6191 1 0.4593246213823829
6192 1 0.6919050168490217
6193 1 0.5072121866242274
6194 1 0.655937161155536
6195 1 0.4411503353138379
6196 1 0.48757032079953433
6197 1 0.7164497043594203
6198 1 0.2070972054403309
6199 1 0.44784530307935394
6200 1 0.5209881622106619
6201 1 0.584394145076824
6202 1 0.3550161460914898
6203 1 0.5595511621268727
6204 1 0.29301106000530486
6205 1 0.3937910262449544
6206 1 0.468930413440808
6207 1 0.3708454271233312
6208 1 0.6402461521026186
6209 1 0.6248924539866565
6210 1 0.5766601086711052
6211 1 0.6156569249677769
6212 1 0.4130874849722703
6213 1 0.45326604132138604
6214 1 0.48329406524884977
6215 1 0.4642807566611649
6216 1 0.5680779632411361
6217 1 0.48293092266859466
6218 1 0.5990243738130027
6219 1 0.43815612696904455
6220 1 0.32313340814529384
6221 1 0.5616138106889229
6222 1 0.5876925591378881
6223 1 0.5771448502554386
6224 1 0.5421991231372641
6225 1 0.6085407587307595
6226 1 0.5331239344518809
6227 1 0.43927471812481195
6228 1 0.42033290710661675
6229 1 0.5089168708366911
6230 1 0.7150312713201162
6231 1 0.45045452842004224
6232 1 0.3599883917346456
6233 1 0.6415993254905032
6234 1 0.4023912052484289
6235 1 0.5732094450988562
6236 1 0.5724193446609677
6237 1 0.5573359238117093
6238 1 0.3796979875300709
6239 1 0.573187162587204
6240 1 0.498901634680813
6241 1 0.44588336859292754
6242 1 0.45901286392704527
6243 1 0.45551128954405085
6244 1 0.6250309592871353
6245 1 0.4342080075539055
6246 1 0.4427531598394706
6247 1 0.5429815388051031
6248 1 0.5721969571376921
6249 1 0.41770835305907905
6250 1 0.4131941534002692
6251 1 0.3657791507187347
6252 1 0.5311463736029347
6253 1 0.29450681515153776
6254 1 0.26092576098949455
6255 1 0.48497481010564686
6256 1 0.5028296891803334
6257 1 0.36936233431758886
6258 1 0.5653682089056783
6259 1 0.4398806724844629
6260 1 0.6514265214759414
6261 1 0.5252756556962824
6262 1 0.3688347587207486
6263 1 0.2678348430771274
6264 1 0.4684618043904819
6265 1 0.24269481019398795
6266 1 0.5127988068041651
6267 1 0.4817272818123411
6268 1 0.31941796339841666
6269 1 0.3429153448130223
6270 1 0.5624584274818277
6271 1 0.4168182816632527
6272 1 0.5628889607662448
6273 1 0.43200698110745783
6274 1 0.4955987667113447
6275 1 0.549830760746546
6276 1 0.6157925087665822
6277 1 0.4724429961672706
6278 1 0.6718847330787862
6279 1 0.44285337848572986
6280 1 0.6419714795391718
6281 1 0.3087615753206462
6282 1 0.3393533445364023
6283 1 0.5363133979570898
6284 1 0.5233545304968702
6285 1 0.45309267747480586
6286 1 0.43906995559212025
6287 1 0.4538088790898136
6288 1 0.5760895644886549
6289 1 0.7044583537320764
6290 1 0.5706335959703319
6291 1 0.3538009330686886
6292 1 0.4747167806494614
6293 1 0.4997436264282874
6294 1 0.4065263408921754
6295 1 0.4483867581981126
6296 1 0.5954460822957406
6297 1 0.4435596440979694
6298 1 0.47047444724805576
6299 1 0.760411127568753
6300 1 0.31708002064219076
6301 1 0.4987303743133289
6302 1 0.6654003152934197
6303 1 0.5766521386087128
6304 1 0.46261548333532576
6305 1 0.706307272487303
6306 1 0.3340647908372142
6307 1 0.4327593873291139
6308 1 0.44060121039809996
6309 1 0.4823768096511805
6310 1 0.37178164386038054
6311 1 0.48976411021817756
6312 1 0.4567558564799011
6313 1 0.43134280236998107
6314 1 0.31744741181789904
6315 1 0.4277223218948333
6316 1 0.46962058277864904
6317 1 0.3065863081432662
6318 1 0.468790037323762
6319 1 0.4022560826359984
6320 1 0.6968000453285446
6321 1 0.5838151110977389
6322 1 0.45015269501274174
6323 1 0.3247968121439646
6324 1 0.4698850347829849
6325 1 0.48045207102554666
6326 1 0.3585546773460985
6327 1 0.4806376868239644
6328 1 0.2946287517614407
6329 1 0.39462876484969645
6330 1 0.5843292403636123
6331 1 0.3696615482811796
6332 1 0.5956344627212897
6333 1 0.7172463237504141
6334 1 0.39830573269473646
6335 1 0.5536354119606831
6336 1 0.4354473340865765
6337 1 0.628180396876322
6338 1 0.6021281838972138
6339 1 0.4108944826547059
6340 1 0.5648894522920667
6341 1 0.41185539157915024
6342 1 0.546195351527411
6343 1 0.5549853717138615
6344 1 0.34753896953956764
6345 1 0.6549605280163957
6346 1 0.316155193824647
6347 1 0.6306023749338973
6348 1 0.45552731826828713
6349 1 0.515636585923715
6350 1 0.35896717140256745
6351 1 0.5118013365027724
6352 1 0.7627550190229113
6353 1 0.4944796143817819
6354 1 0.5358923834592787
6355 1 0.43842352860228234
6356 1 0.35617729263676373
6357 1 0.43266497103747986
6358 1 0.6809601709023476
6359 1 0.4356878993518793
6360 1 0.32660454476794587
6361 1 0.40658308980311464
6362 1 0.5039571116663549
6363 1 0.5216078080721215
6364 1 0.5600082725052274
6365 1 0.6744377019327411
6366 1 0.5249802143927685
6367 1 0.5686432682593762
6368 1 0.5232704919662937
6369 1 0.6416037935943268
6370 1 0.47075832445149973
6371 1 0.40466329132842743
6372 1 0.4874830307534386
6373 1 0.6747767023091358
6374 1 0.5149125306434819
6375 1 0.46971037009821986
6376 1 0.42551059287978793
6377 1 0.3923830250068375
6378 1 0.5021063593558899
6379 1 0.5048610527646128
6380 1 0.3259503126303748
6381 1 0.4353426179175744
6382 1 0.5368024727689915
6383 1 0.48414614066045153
6384 1 0.411946427647493
6385 1 0.2765884932414108
6386 1 0.346012472887922
6387 1 0.6616025827316401
6388 1 0.466694618603012
6389 1 0.6859322412050536
6390 1 0.640669192920765
6391 1 0.5997628393419496
6392 1 0.36113851812670594
6393 1 0.6496546540470527
6394 1 0.43961523070220093
6395 1 0.5190036362216663
6396 1 0.617018096202589
6397 1 0.6095014806236332
6398 1 0.3740970423398385
6399 1 0.530910426290781
6400 1 0.5595483582613352
6401 1 0.4315049784071406
6402 1 0.6036445113431609
6403 1 0.6414547613029495
6404 1 0.3893475153462396
6405 1 0.39029666546798103
6406 1 0.5516358541164967
6407 1 0.44635303118853276
6408 1 0.2791952002593344
6409 1 0.639042502257251
6410 1 0.35293117227336324
6411 1 0.44136122316342247
6412 1 0.5447508718705352
6413 1 0.3820726780753313
6414 1 0.5784857507212794
6415 1 0.360382071258652
6416 1 0.5058691553956153
6417 1 0.3282227707832563
6418 1 0.3819853260676139
6419 1 0.6173977345192452
6420 1 0.3531301520113208
6421 1 0.5485591196266486
6422 1 0.5077714821296182
6423 1 0.44968493933514625
6424 1 0.4030362380161017
6425 1 0.510587919154397
6426 1 0.47199900840632547
6427 1 0.4779318926678333
6428 1 0.48923697428392404
6429 1 0.4324935333129263
6430 1 0.4000978590169486
6431 1 0.5069781666862496
6432 1 0.4844965236675243
6433 1 0.3678149083454991
6434 1 0.3007968646540996
6435 1 0.4194002055745582
6436 1 0.3856398618284672
6437 1 0.43077894962091356
6438 1 0.6206533140405817
6439 1 0.5546598827274778
6440 1 0.5843947936242824
6441 1 0.32736971977596735
6442 1 0.4689625137127884
6443 1 0.5096785914546385
6444 1 0.41573979351636564
6445 1 0.3282579862578239
6446 1 0.3886208800979525
6447 1 0.32942201447324165
6448 1 0.49321281784088455
6449 1 0.41344176263830795
6450 1 0.2813704219639223
6451 1 0.6058461007164128
6452 1 0.49791202753461966
6453 1 0.5580128286702103
6454 1 0.6356265047955195
6455 1 0.46211523119251624
6456 1 0.4956084581232137
6457 1 0.48304258684297086
6458 1 0.5973214714090582
6459 1 0.45418763916209903
6460 1 0.37614674003982757
6461 1 0.6755513077679219
6462 1 0.3455210738759458
6463 1 0.6862754671109921
6464 1 0.587952525653295
6465 1 0.47871090666767585
6466 1 0.3647170100669465
6467 1 0.5823585989446742
6468 1 0.5228999351461504
6469 1 0.5098828318805947
6470 1 0.6310846404390308
6471 1 0.5151895339292515
6472 1 0.42533297310938584
6473 1 0.6434307370494483
6474 1 0.6358249334295987
6475 1 0.3442308083921202
6476 1 0.6723362016017009
6477 1 0.5505998252335881
6478 1 0.4802925851851251
6479 1 0.3380299084433354
6480 1 0.4360047478092082
6481 1 0.6291163552356489
6482 1 0.474337084443964
6483 1 0.4176694309720176
6484 1 0.5762673458654057
6485 1 0.6675414743707526
6486 1 0.35151187608138323
6487 1 0.5384346780695719
6488 1 0.6480352440915842
6489 1 0.4913508721060975
6490 1 0.3399572799831699
6491 1 0.4806945743939681
6492 1 0.3599248135352707
6493 1 0.574070430475691
6494 1 0.6093237456159497
6495 1 0.5500331154619481
6496 1 0.7846584099968668
6497 1 0.4084945206382213
6498 1 0.4302209683055736
6499 1 0.4583724204580722
6500 1 0.5519771309531244
6501 1 0.6336729073303271
6502 1 0.6885405300961972
6503 1 0.5000195002621665
6504 1 0.693453305881524
6505 1 0.6097080716766053
6506 1 0.4532015500810691
6507 1 0.32247707239682155
6508 1 0.6311001793092627
6509 1 0.5098123302443339
6510 1 0.3940084711393458
6511 1 0.3471540509882025
6512 1 0.43331731208684493
6513 1 0.5134320962298843
6514 1 0.6407692665154078
6515 1 0.3756284838874176
6516 1 0.5434056082705275
6517 1 0.47179561894106486
6518 1 0.41781713669683623
6519 1 0.775858039280312
6520 1 0.6052313420597532
6521 1 0.4132607827317263
6522 1 0.38898341558348276
6523 1 0.49726861158172403
6524 1 0.49477289112767275
6525 1 0.5422837030313152
6526 1 0.3903178680733151
6527 1 0.35705681417349056
6528 1 0.5062493608832032
6529 1 0.379347666590064
6530 1 0.39207435158215864
6531 1 0.5486115784498596
6532 1 0.5424800789708397
6533 1 0.44894030210705865
6534 1 0.28738507143273717
6535 1 0.47788897791146456
6536 1 0.49855117778374813
6537 1 0.5634600258296425
6538 1 0.5179793462784178
6539 1 0.6018333172116249
6540 1 0.6734470302750765
6541 1 0.42787952916613864
6542 1 0.40306905530833925
6543 1 0.5225960209829695
6544 1 0.5566566189124252
6545 1 0.34389734541554934
6546 1 0.4726441828118602
6547 1 0.47531789226220433
6548 1 0.32875314717457316
6549 1 0.41881301266941795
6550 1 0.6613378177954119
6551 1 0.3922091203503645
6552 1 0.42454002740594826
6553 1 0.3909069613325664
6554 1 0.30090874879816465
6555 1 0.40242814963809126
6556 1 0.4768909460013195
6557 1 0.4765289454076287
6558 1 0.2438159295710902
6559 1 0.3822407038247224
6560 1 0.4435498410602812
6561 1 0.2500831864363564
6562 1 0.7822423735988265
6563 1 0.5189444228172038
6564 1 0.3977843331070667
6565 1 0.5515377369590753
6566 1 0.271456229660264
6567 1 0.5067831693895162
6568 1 0.4899034720942533
6569 1 0.4187112454834724
6570 1 0.6661626395132544
6571 1 0.5224363801660005
6572 1 0.3560212896958798
6573 1 0.5067524851139187
6574 1 0.4444518226502568
6575 1 0.5243455303890104
6576 1 0.3219716909362506
6577 1 0.43017710361598893
6578 1 0.5848445712710812
6579 1 0.47680572371511215
6580 1 0.12029693811493378
6581 1 0.37455809009522134
6582 1 0.3577119273365219
6583 1 0.38297549078932075
6584 1 0.49241112529432246
6585 1 0.542981191392972
6586 1 0.2248410048966779
6587 1 0.3975797641434832
6588 1 0.6578409193862128
6589 1 0.5270669930457819
6590 1 0.4728937813988773
6591 1 0.4871056256517312
6592 1 0.5115166085758822
6593 1 0.4616952571649091
6594 1 0.5213247165858019
6595 1 0.3779863170228241
6596 1 0.4712422782493674
6597 1 0.3967500219489919
6598 1 0.41052322402462504
6599 1 0.6298271660709313
6600 1 0.4005305663357824
6601 1 0.3544236583739862
6602 1 0.2921630297873803
6603 1 0.3788409132219475
6604 1 0.6200885599021515
6605 1 0.3373898536415193
6606 1 0.7430438041852011
6607 1 0.519787681858441
6608 1 0.9339683683650786
6609 1 0.49150991550284284
6610 1 0.2915957152144258
6611 1 0.4026533391684513
6612 1 0.4764995226659072
6613 1 0.5909095777711176
6614 1 0.3271621897164299
6615 1 0.4748135399761322
6616 1 0.6247970143726743
6617 1 0.5205501614765998
6618 1 0.35021776056783194
6619 1 0.4605688553387706
6620 1 0.6390892587132573
6621 1 0.36855464240717767
6622 1 0.3825057487547248
6623 1 0.8289446180101522
6624 1 0.3978014893192964
6625 1 0.6182918151918332
6626 1 0.38726227184150497
6627 1 0.47912830505043946
6628 1 0.5086566997200809
6629 1 0.22297497500659821
6630 1 0.4070518807709698
6631 1 0.5857001673839505
6632 1 0.5125415187152921
6633 1 0.35339369358445744
6634 1 0.5166140999828717
6635 1 0.44063332269071415
6636 1 0.321412305052038
6637 1 0.7970449923125466
6638 1 0.7514948962508646
6639 1 0.49119094971369176
6640 1 0.4311248885786108
6641 1 0.6200749977275993
6642 1 0.5584915985961465
6643 1 0.39894760570966653
6644 1 0.5357720349833425
6645 1 0.39557920774314487
6646 1 0.4262936134148442
6647 1 0.5531386223666893
6648 1 0.541794290007285
6649 1 0.6102159106977464
6650 1 0.4500570093580033
6651 1 0.37065056367477256
6652 1 0.6013349628527254
6653 1 0.5167202508250529
6654 1 0.45386866538555326
6655 1 0.6491197205834061
6656 1 0.5019737013424268
6657 1 0.5085313361355843
6658 1 0.42469978177309226
6659 1 0.3832926448633538
6660 1 0.30899930308372564
6661 1 0.47988786805689737
6662 1 0.4202019665411966
6663 1 0.43833264255461174
6664 1 0.602782326183184
6665 1 0.31351402860571936
6666 1 0.33129972663992846
6667 1 0.407277505535262
6668 1 0.47872511617707886
6669 1 0.3831130973365406
6670 1 0.5226619970351613
6671 1 0.5564855278091715
6672 1 0.20487893515756053
6673 1 0.4494765100346706
6674 1 0.4196521734653873
6675 1 0.24254046710227706
6676 1 0.4597683272251977
6677 1 0.6809728461465667
6678 1 0.40878888624000287
6679 1 0.5641087306768485
6680 1 0.5631804866514759
6681 1 0.38384701267338894
6682 1 0.2564308976008282
6683 1 0.25636207418738455
6684 1 0.28118357057089094
6685 1 0.7219251786625472
6686 1 0.38109191529492586
6687 1 0.5560966036979512
6688 1 0.46137685911345216
6689 1 0.39258011778209173
6690 1 0.3355011889113227
6691 1 0.3672785861427836
6692 1 0.32310910846058694
6693 1 0.5891172503932621
6694 1 0.5816173615129493
6695 1 0.4715057670345237
6696 1 0.40875977023532956
6697 1 0.5670341681721096
6698 1 0.5155798655354198
6699 1 0.44997206392860667
6700 1 0.515643591910194
6701 1 0.38096538477314124
6702 1 0.5623763941300332
6703 1 0.45012980000235164
6704 1 0.4019497442194199
6705 1 0.5488826636296825
6706 1 0.39208285811805293
6707 1 0.5416392574162415
6708 1 0.3093639197600936
6709 1 0.2917219835229568
6710 1 0.49669813222106823
6711 1 0.5680335064826186
6712 1 0.6166034384584114
6713 1 0.6828784878075678
6714 1 0.5708347378802386
6715 1 0.34825718117060817
6716 1 0.5047846924797285
6717 1 0.563709602879691
6718 1 0.4877066497721862
6719 1 0.3148273884421107
6720 1 0.4972764862039752
6721 1 0.45075440926519406
6722 1 0.43193262969190105
6723 1 0.6537760438720697
6724 1 0.5091323959752468
6725 1 0.413375646819888
6726 1 0.40253528231034547
6727 1 0.4642585791059891
6728 1 0.6331875892432544
6729 1 0.4366751685375358
6730 1 0.38754679449498547
6731 1 0.36825269513336983
6732 1 0.5223727852010048
6733 1 0.5194076608981252
6734 1 0.5168739747223219
6735 1 0.47628028040998355
6736 1 0.3257251452696485
6737 1 0.4430305185511272
6738 1 0.6561650501089975
6739 1 0.7023542063177771
6740 1 0.5537540225192297
6741 1 0.5166038958619771
6742 1 0.3906796437414416
6743 1 0.3711630250777171
6744 1 0.32602718725866897
6745 1 0.44768575360338453
6746 1 0.4316491845327035
6747 1 0.37488869123833024
6748 1 0.3643237128702672
6749 1 0.3955715460653656
6750 1 0.5839295461599932
6751 1 0.6231133505053218
6752 1 0.4243073799159175
6753 1 0.5334847248102773
6754 1 0.47384245587521395
6755 1 0.449813692804255
6756 1 0.6242347003569869
6757 1 0.2673719089389841
6758 1 0.5022802243389994
6759 1 0.39805211567049664
6760 1 0.3436506851090069
6761 1 0.5532851591507812
6762 1 0.4756759936364706
6763 1 0.53364918619134
6764 1 0.5623663190859656
6765 1 0.6232840900314003
6766 1 0.47544123746103856
6767 1 0.3109634397713386
6768 1 0.4738996883925918
6769 1 0.7353530873623249
6770 1 0.4050103906726944
6771 1 0.6201634355201467
6772 1 0.4524075972673223
6773 1 0.4995899573092571
6774 1 0.4511984750811752
6775 1 0.47487983249259574
6776 1 0.32759818697199694
6777 1 0.6311081024094644
6778 1 0.42953687898318005
6779 1 0.5784437477141618
6780 1 0.43109102712562397
6781 1 0.548513193609269
6782 1 0.745414945981049
6783 1 0.5733736214380055
6784 1 0.48363835996310894
6785 1 0.5315335353073601
6786 1 0.23803652741022246
6787 1 0.7129032318023125
6788 1 0.6066038264902673
6789 1 0.3624864723584089
6790 1 0.5543000774283814
6791 1 0.5334994830378846
6792 1 0.36210801796873016
6793 1 0.5667079451362377
6794 1 0.44345183220718787
6795 1 0.4820436910684017
6796 1 0.3326854943715645
6797 1 0.4126798248449419
6798 1 0.5641637549827229
6799 1 0.4261177144930591
6800 1 0.47522912866039724
6801 1 0.4031105594327964
6802 1 0.6238719929315806
6803 1 0.42928173901582256
6804 1 0.3858548359817691
6805 1 0.42619875147666775
6806 1 0.4317221108704994
6807 1 0.49025861923961633
6808 1 0.5067350481829862
6809 1 0.36885349647668536
6810 1 0.40477496790567247
6811 1 0.6081494956441025
6812 1 0.5302128104471404
6813 1 0.40424214702886085
6814 1 0.3809022578747517
6815 1 0.40191913687851444
6816 1 0.3873051872964412
6817 1 0.5325216779264981
6818 1 0.5518846769640429
6819 1 0.523877811102829
6820 1 0.5070248616155913
6821 1 0.5300287413167754
6822 1 0.5151502510254705
6823 1 0.7192240201610028
6824 1 0.3109471827077836
6825 1 0.40396620088665225
6826 1 0.35022917618935034
6827 1 0.5467345962203389
6828 1 0.4083058121627241
6829 1 0.29433033995108204
6830 1 0.37579423830379766
6831 1 0.4208289048150032
6832 1 0.5993613152077347
6833 1 0.6282311404921784
6834 1 0.4198977978094633
6835 1 0.5840507908848899
6836 1 0.44251187813385373
6837 1 0.6800190310831244
6838 1 0.5449174562510433
6839 1 0.24819122230581356
6840 1 0.41899270464154353
6841 1 0.5481199937243647
6842 1 0.34276756299706507
6843 1 0.28835197517375144
6844 1 0.5434748861351008
6845 1 0.5103236704332124
6846 1 0.5610797064512952
6847 1 0.29942179138504194
6848 1 0.34224197218874347
6849 1 0.25647335636394664
6850 1 0.4396111234546383
6851 1 0.2684911828061166
6852 1 0.4802334735869946
6853 1 0.32746499464663714
6854 1 0.3277287585619561
6855 1 0.3461400514059871
6856 1 0.6193298093165502
6857 1 0.4001295366028514
6858 1 0.5944047968898775
6859 1 0.5103570159215857
6860 1 0.6556739535635813
6861 1 0.5003846747776582
6862 1 0.44607157346713827
6863 1 0.7643788107366204
6864 1 0.38315777377477556
6865 1 0.7343895090795438
6866 1 0.6396248634475782
6867 1 0.4015909845177497
6868 1 0.6519266624937916
6869 1 0.3953148195588841
6870 1 0.469202372462708
6871 1 0.7252737262923064
6872 1 0.5079170157048347
6873 1 0.538249125115871
6874 1 0.5822267474340146
6875 1 0.4076624595158632
6876 1 0.5035616278874047
6877 1 0.366965138615342
6878 1 0.6408477983831322
6879 1 0.39810822225518244
6880 1 0.5909959951745635
6881 1 0.556391147157662
6882 1 0.5481555663514672
6883 1 0.422425212535955
6884 1 0.3119648801506281
6885 1 0.7281627392771332
6886 1 0.4676042917114627
6887 1 0.38705448747702564
6888 1 0.6012187409865348
6889 1 0.3865642030756752
6890 1 0.5081710217257445
6891 1 0.5997741712276282
6892 1 0.3856312088042799
6893 1 0.2647737774833351
6894 1 0.6719982622834817
6895 1 0.45257689948411783
6896 1 0.3247940797959254
6897 1 0.2829190750687322
6898 1 0.5073568637820132
6899 1 0.43884475985373556
6900 1 0.4861548711708036
6901 1 0.594918009213375
6902 1 0.36040444657434145
6903 1 0.6309519600055044
6904 1 0.46898859387478214
6905 1 0.5831019764182561
6906 1 0.6497474634356603
6907 1 0.47479706227068186
6908 1 0.7174368415158138
6909 1 0.41000543311819
6910 1 0.4605215926321935
6911 1 0.4318525678822031
6912 1 0.35432798756051265
6913 1 0.49239729580565583
6914 1 0.5524835557836135
6915 1 0.5351994832232555
6916 1 0.4167830556179085
6917 1 0.27328960505070166
6918 1 0.4378315112447952
6919 1 0.2898775792010796
6920 1 0.5162964704611417
6921 1 0.3594835423452832
6922 1 0.2712013987629066
6923 1 0.4864449252533323
6924 1 0.3622255135344159
6925 1 0.3834495776898836
6926 1 0.4332687468286155
6927 1 0.6707375789333991
6928 1 0.2710323652705414
6929 1 0.4540943660696373
6930 1 0.4211608982822822
6931 1 0.4762259935673519
6932 1 0.4508551631723474
6933 1 0.2633874412363544
6934 1 0.2881121130627994
6935 1 0.5670460321817187
6936 1 0.4827578927504741
6937 1 0.5970502759346488
6938 1 0.5078968969731551
6939 1 0.7731829313241341
6940 1 0.4468817210005831
6941 1 0.44964664630155504
6942 1 0.44614363525512307
6943 1 0.46498300931927794
6944 1 0.382478425221611
6945 1 0.5270714289100551
6946 1 0.508785999363554
6947 1 0.61904617073323
6948 1 0.44240972753977836
6949 1 0.43308928224681126
6950 1 0.4504584709242924
6951 1 0.5417784189088803
6952 1 0.48260067646369337
6953 1 0.4527639408479757
6954 1 0.5594920168525152
6955 1 0.5255674821368981
6956 1 0.6321918454449212
6957 1 0.4918156626676805
6958 1 0.44540171865759287
6959 1 0.47304887065297363
6960 1 0.41263977281831066
6961 1 0.597101420159213
6962 1 0.28796969280535584
6963 1 0.4334426563091587
6964 1 0.5430542509067362
6965 1 0.6884560008021601
6966 1 0.3914038299305937
6967 1 0.4510986988785923
6968 1 0.4586827952505603
6969 1 0.39447616152064796
6970 1 0.4092422352935273
6971 1 0.5008205949008254
6972 1 0.6133086968459347
6973 1 0.5040634745435524
6974 1 0.38907500106859744
6975 1 0.5127701194299836
6976 1 0.4932113453000732
6977 1 0.5061145893207272
6978 1 0.37086241628565747
6979 1 0.7019238571915773
6980 1 0.3758474637982826
6981 1 0.4526389207346348
6982 1 0.8147616027166192
6983 1 0.6538098238167245
6984 1 0.14917957276856228
6985 1 0.5193914617497726
6986 1 0.48199477912296956
6987 1 0.3469328346595227
6988 1 0.5177722437685698
6989 1 0.39793925589120266
6990 1 0.4696910255507101
6991 1 0.5767059578724176
6992 1 0.5082349629693466
6993 1 0.5215609687501894
6994 1 0.5838881327438709
6995 1 0.4605356913988722
6996 1 0.5575458319928263
6997 1 0.544683820801998
6998 1 0.543724153179332
6999 1 0.5081662798493517
7000 1 0.463572871057643
