2001 1 0.3536365165936555
2002 1 0.5199413545757531
2003 1 0.6498927906962059
2004 1 0.4149042795328737
2005 1 0.3607434577983034
2006 1 0.6187040792350573
2007 1 0.5644840827676686
2008 1 0.4437513031250049
2009 1 0.6379216745255023
2010 1 0.25721567838107406
2011 1 0.41548285091526815
2012 1 0.32580238259947647
2013 1 0.3622249335520194
2014 1 0.23090944268133792
2015 1 0.4301032319449784
2016 1 0.5475500559380718
2017 1 0.3541005167985715
2018 1 0.45562187884706745
2019 1 0.2582246732805199
2020 1 0.25415180745870647
2021 1 0.49957053265055024
2022 1 0.5540670246373781
2023 1 0.6493097721801944
2024 1 0.3556261366820646
2025 1 0.413309680916696
2026 1 0.5406619434769115
2027 1 0.6071781110668828
2028 1 0.5419372007382176
2029 1 0.49435271734929337
2030 1 0.4737457065393769
2031 1 0.3860424171406198
2032 1 0.43436989344829086
2033 1 0.5126447426122454
2034 1 0.6196938128087932
2035 1 0.5741469043239307
2036 1 0.3603026422325115
2037 1 0.5077232494290744
2038 1 0.3895553024390865
2039 1 0.4784518310103966
2040 1 0.4818339229434843
2041 1 0.7603141503021934
2042 1 0.5405411513051498
2043 1 0.37408058180860504
2044 1 0.31043859591623374
2045 1 0.3856756788883027
2046 1 0.7550239293991023
2047 1 0.5181034724493893
2048 1 0.4554831550135762
2049 1 0.5282005563753481
2050 1 0.629259623026853
2051 1 0.5351074017420141
2052 1 0.4795566524247922
2053 1 0.5728770580876279
2054 1 0.335274623611525
2055 1 0.39154091854930256
2056 1 0.4249801747589466
2057 1 0.46911930690489534
2058 1 0.6467359633828976
2059 1 0.3453752971333263
2060 1 0.381736412709441
2061 1 0.44490248547437966
2062 1 0.5176682432226895
2063 1 0.6382916619603866
2064 1 0.47436380419066315
2065 1 0.34559943369834994
2066 1 0.7305438978855139
2067 1 0.405756742462291
2068 1 0.6704316798103529
2069 1 0.3828310408636899
2070 1 0.36626675683853666
2071 1 0.5390027897080781
2072 1 0.4650400038755577
2073 1 0.451494769665156
2074 1 0.38445852694519056
2075 1 0.48048794445846377
2076 1 0.48970777969646667
2077 1 0.4699925278106403
2078 1 0.5093219761575771
2079 1 0.5164104395393121
2080 1 0.5369730328554785
2081 1 0.3434000494259989
2082 1 0.36773528049122295
2083 1 0.47963883168493665
2084 1 0.6341310874659998
2085 1 0.6014317838642269
2086 1 0.5160770492796667
2087 1 0.5206439821932828
2088 1 0.7642202149371344
2089 1 0.6591213893584268
2090 1 0.3896276022540717
2091 1 0.3279687984253932
2092 1 0.486095280315806
2093 1 0.21857959688690937
2094 1 0.46383976823286066
2095 1 0.5220426785514434
2096 1 0.5297464591407098
2097 1 0.46500136495877575
2098 1 0.7920393652772822
2099 1 0.46130867877755144
2100 1 0.42197321832120344
2101 1 0.6352299298013655
2102 1 0.517659501506787
2103 1 0.6170862079866078
2104 1 0.7497351391623126
2105 1 0.36723000361807373
2106 1 0.4292620466344049
2107 1 0.37456816001206694
2108 1 0.5483865528060783
2109 1 0.743618239981916
2110 1 0.3497642792873364
2111 1 0.4518733542388252
2112 1 0.3722987997425699
2113 1 0.46658841572413995
2114 1 0.4679466116280371
2115 1 0.5513229216837546
2116 1 0.23089991682997343
2117 1 0.469306747941644
2118 1 0.6005424725494147
2119 1 0.25492266265111846
2120 1 0.4577260191966084
2121 1 0.30049075379918905
2122 1 0.37471619030717657
2123 1 0.5570215033246844
2124 1 0.3352835482993982
2125 1 0.48647347764581433
2126 1 0.2851954257057927
2127 1 0.24754545803249278
2128 1 0.30935264225723813
2129 1 0.5182015839260069
2130 1 0.46302044343324866
2131 1 0.44806964591950665
2132 1 0.3652032752666042
2133 1 0.43025727144978526
2134 1 0.5142780126351855
2135 1 0.23313080871224875
2136 1 0.5958447105116701
2137 1 0.4915803802072881
2138 1 0.4592713137732619
2139 1 0.3154417517754511
2140 1 0.7061418130245868
2141 1 0.3929269818145453
2142 1 0.6281764715462884
2143 1 0.49699538896978707
2144 1 0.517356365007433
2145 1 0.3368662740881993
2146 1 0.353493145361735
2147 1 0.3484914991596718
2148 1 0.4174366600068806
2149 1 0.6079439102384019
2150 1 0.5106791626972962
2151 1 0.3628825288836507
2152 1 0.370293463637748
2153 1 0.3676012266739325
2154 1 0.5212290978617411
2155 1 0.4136912606579618
2156 1 0.44930711457888073
2157 1 0.5575012676417286
2158 1 0.3782480994711153
2159 1 0.37590305151864045
2160 1 0.40680642065616596
2161 1 0.4752627271092995
2162 1 0.46687706013693503
2163 1 0.5240385101046201
2164 1 0.3970026295299705
2165 1 0.5152631845234097
2166 1 0.5926993262221801
2167 1 0.4474989111731064
2168 1 0.31616110246698087
2169 1 0.5544529491918888
2170 1 0.5200769796954868
2171 1 0.5656856270645987
2172 1 0.37754668310377965
2173 1 0.5250083292051859
2174 1 0.6732247799346471
2175 1 0.5466878441270846
2176 1 0.6385034158228199
2177 1 0.4495982697751833
2178 1 0.33686251489861335
2179 1 0.5294643808277384
2180 1 0.378443066782167
2181 1 0.5250558775863412
2182 1 0.47299573797570665
2183 1 0.5548380957135178
2184 1 0.6224042771129303
2185 1 0.3690122411105966
2186 1 0.43501139279549506
2187 1 0.4166723843188805
2188 1 0.27617894980238294
2189 1 0.6333020168321539
2190 1 0.40842095024752395
2191 1 0.5582879326431297
2192 1 0.47819142574185874
2193 1 0.46822686785282186
2194 1 0.5803138851944978
2195 1 0.5729253900243023
2196 1 0.4923326630724628
2197 1 0.5881172565364388
2198 1 0.6083582094065485
2199 1 0.276514156060815
2200 1 0.3618339815651625
2201 1 0.5154051825297329
2202 1 0.38159908512791474
2203 1 0.701426994656589
2204 1 0.5060341103080477
2205 1 0.5941569801377408
2206 1 0.46413966107228527
2207 1 0.3388952879417383
2208 1 0.5384132059753377
2209 1 0.4119129644439008
2210 1 0.5091232472185432
2211 1 0.5735050970929731
2212 1 0.4131110129507451
2213 1 0.3708396690684318
2214 1 0.4261257179285267
2215 1 0.5870791920277478
2216 1 0.3438824329231425
2217 1 0.3553670807296619
2218 1 0.41713518143234385
2219 1 0.42425117288249303
2220 1 0.4186735452964647
2221 1 0.5643192735526981
2222 1 0.48849251930287874
2223 1 0.8178265460455895
2224 1 0.3716709700043317
2225 1 0.3641807015587908
2226 1 0.531689496123304
2227 1 0.35439515575114555
2228 1 0.5372614655495898
2229 1 0.49811702996594576
2230 1 0.5293522096251406
2231 1 0.5228458145494106
2232 1 0.5147310847132747
2233 1 0.6009864508072053
2234 1 0.33432487556870005
2235 1 0.4425245089729028
2236 1 0.4797061267907913
2237 1 0.47625007937177
2238 1 0.475120858456594
2239 1 0.38592826669850216
2240 1 0.48887885780478263
2241 1 0.648629951382199
2242 1 0.46125880656537627
2243 1 0.5842815131359888
2244 1 0.3864686532593699
2245 1 0.42257384597163383
2246 1 0.8483420495730494
2247 1 0.46323913163285746
2248 1 0.631425004682854
2249 1 0.3823565095160119
2250 1 0.4341508755907104
2251 1 0.47624454753412576
2252 1 0.5510209808552207
2253 1 0.540480615380548
2254 1 0.45690805357216013
2255 1 0.6446019480680132
2256 1 0.5310498048138529
2257 1 0.483064921325411
2258 1 0.517959917230598
2259 1 0.6688021676984883
2260 1 0.6748035051062877
2261 1 0.46434534757256973
2262 1 0.35428869396733037
2263 1 0.5639544603416049
2264 1 0.5910454936794712
2265 1 0.5884415983035918
2266 1 0.4727958227372019
2267 1 0.49838242539232097
2268 1 0.4580736428882993
2269 1 0.4677181317918893
2270 1 0.5950411426144424
2271 1 0.46616429129594944
2272 1 0.3322446820086388
2273 1 0.8651011351378614
2274 1 0.5613010741977824
2275 1 0.408569534308977
2276 1 0.46099581651789473
2277 1 0.5470433682748448
2278 1 0.3400858368384702
2279 1 0.6537843225299637
2280 1 0.42213407044108875
2281 1 0.40195995183315203
2282 1 0.48392728360520815
2283 1 0.6499193591437226
2284 1 0.5506874482986877
2285 1 0.3388340939533428
2286 1 0.560605052564328
2287 1 0.4955274607338856
2288 1 0.31117100971512784
2289 1 0.43828036902314293
2290 1 0.404340703743425
2291 1 0.4013105121851683
2292 1 0.39576428486691395
2293 1 0.4997414911314174
2294 1 0.5609197683740714
2295 1 0.5126892359730654
2296 1 0.480746697627974
2297 1 0.6383862709775757
2298 1 0.5051937346240608
2299 1 0.3526027084701048
2300 1 0.48158775504796736
2301 1 0.468443566795716
2302 1 0.490804399308577
2303 1 0.3682859424927759
2304 1 0.41654368014491444
2305 1 0.35903391470597595
2306 1 0.4982362001034448
2307 1 0.5248077853877096
2308 1 0.5194018823079766
2309 1 0.9192867138420795
2310 1 0.39761985459132865
2311 1 0.579369268314707
2312 1 0.49956234391015997
2313 1 0.35967218528723766
2314 1 0.4047533687116893
2315 1 0.46368476212148074
2316 1 0.5608576119968692
2317 1 0.3385037948550172
2318 1 0.4668971364668836
2319 1 0.22503125902532775
2320 1 0.5823672452599771
2321 1 0.5259396586056302
2322 1 0.7534580888837734
2323 1 0.47988185849132625
2324 1 0.5437517733927578
2325 1 0.5011326821986618
2326 1 0.5691690052396583
2327 1 0.42610562934069507
2328 1 0.3938346527098308
2329 1 0.47129118885038646
2330 1 0.5513113808473015
2331 1 0.8028076365369401
2332 1 0.4547206710985682
2333 1 0.3826126654378072
2334 1 0.39645721960953695
2335 1 0.3398981304383238
2336 1 0.5049731889202095
2337 1 0.43462220951572117
2338 1 0.499462392261683
2339 1 0.30815446388273593
2340 1 0.5072353058484335
2341 1 0.3552249395301757
2342 1 0.3656960806531843
2343 1 0.6806450633807473
2344 1 0.606469384994359
2345 1 0.5739659588844074
2346 1 0.4770071302898491
2347 1 0.29261734449848037
2348 1 0.664765640028346
2349 1 0.3976904429422269
2350 1 0.4709345109590384
2351 1 0.4612414404006526
2352 1 0.4002135221872814
2353 1 0.45233937984144007
2354 1 0.41641387783597184
2355 1 0.5130874923797223
2356 1 0.4668369857034207
2357 1 0.5412178513251981
2358 1 0.5351216997454245
2359 1 0.5422681452470383
2360 1 0.3863638036903306
2361 1 0.5460186549996731
2362 1 0.6276354355285063
2363 1 0.4635094561121819
2364 1 0.6379315235632032
2365 1 0.6157567245526014
2366 1 0.5075386253329388
2367 1 0.42094959195120557
2368 1 0.46212407942019634
2369 1 0.47648020192241547
2370 1 0.5229666567939655
2371 1 0.46531499651262964
2372 1 0.5365334345897391
2373 1 0.5453625970438282
2374 1 0.3926987578913629
2375 1 0.7234342601838396
2376 1 0.4486215012589279
2377 1 0.5320246468258466
2378 1 0.477720108002526
2379 1 0.5962834316402024
2380 1 0.5496753673783248
2381 1 0.5690562904460781
2382 1 0.6660896010487798
2383 1 0.44481735637444475
2384 1 0.4854863396854092
2385 1 0.47486940730802923
2386 1 0.6393369753988907
2387 1 0.5985372203913211
2388 1 0.3996137063777648
2389 1 0.27034018722153896
2390 1 0.6171326523938169
2391 1 0.2620430364394513
2392 1 0.3930625595898533
2393 1 0.5019549959710263
2394 1 0.38425625476620107
2395 1 0.4279880352485177
2396 1 0.49478395326084057
2397 1 0.6470006377821376
2398 1 0.6008707700672399
2399 1 0.6416419793780315
2400 1 0.4848292933751343
2401 1 0.4860779037384721
2402 1 0.39686903763716413
2403 1 0.4552051421791015
2404 1 0.5530024556330511
2405 1 0.5530621453946662
2406 1 0.5883591212691522
2407 1 0.41897286451968363
2408 1 0.4201745330561897
2409 1 0.34470364368373846
2410 1 0.43646302687785976
2411 1 0.385653916875363
2412 1 0.33100363241302344
2413 1 0.5577152317718265
2414 1 0.36876702585030213
2415 1 0.5945398894639041
2416 1 0.7349594213747119
2417 1 0.459049530444997
2418 1 0.465658892819328
2419 1 0.5033406826029263
2420 1 0.6349838337396795
2421 1 0.45554742870942005
2422 1 0.35868315751713703
2423 1 0.43419625598730766
2424 1 0.6013790285056896
2425 1 0.27709852800528395
2426 1 0.40508889762923705
2427 1 0.28780852324584055
2428 1 0.6460506885914057
2429 1 0.6080103941755493
2430 1 0.6362090744357615
2431 1 0.4464981757802598
2432 1 0.38765437145618875
2433 1 0.36253941899264414
2434 1 0.4329762837557308
2435 1 0.38068409341626297
2436 1 0.47356319939282815
2437 1 0.5699976361845565
2438 1 0.33295834807394303
2439 1 0.5699780950627797
2440 1 0.48408046149945977
2441 1 0.3318329687925022
2442 1 0.5737115885012183
2443 1 0.4498681706985157
2444 1 0.5173235145134669
2445 1 0.4814062299291994
2446 1 0.47879709080228866
2447 1 0.2829183937149607
2448 1 0.4429713061088426
2449 1 0.561029966874687
2450 1 0.5441217336362304
2451 1 0.4729037179552273
2452 1 0.501979436937721
2453 1 0.3277910726045317
2454 1 0.3597196446471648
2455 1 0.3652643782830545
2456 1 0.3249589447381322
2457 1 0.4291277701058778
2458 1 0.5344264185012881
2459 1 0.6553068700607383
2460 1 0.6224608816180988
2461 1 0.6306329595384067
2462 1 0.3030432206862419
2463 1 0.5699000527063666
2464 1 0.49364047516232284
2465 1 0.3121163714260718
2466 1 0.39887679439710166
2467 1 0.507605038042559
2468 1 0.5035999878780345
2469 1 0.48006702748331587
2470 1 0.6933424406838745
2471 1 0.6439932049740611
2472 1 0.35790119320300523
2473 1 0.2803749253662314
2474 1 0.5447472025720917
2475 1 0.5667379192981702
2476 1 0.4076978339343146
2477 1 0.7148687375768399
2478 1 0.4335014013965853
2479 1 0.5800453627426096
2480 1 0.44086571069585906
2481 1 0.5428130199856608
2482 1 0.6392940304195909
2483 1 0.3393313466448869
2484 1 0.35533833276463267
2485 1 0.503955726248777
2486 1 0.5184927434455199
2487 1 0.4135504345711629
2488 1 0.5337496887591684
2489 1 0.523319588294012
2490 1 0.4426765764215728
2491 1 0.39428220088494836
2492 1 0.5313552887637177
2493 1 0.3733499301528952
2494 1 0.4822120966144602
2495 1 0.4989140986281251
2496 1 0.302371636434381
2497 1 0.8206465956003147
2498 1 0.6261619436240062
2499 1 0.699280029112309
2500 1 0.5392398395970432
2501 1 0.5917263284416459
2502 1 0.4217767842028662
2503 1 0.482453853794135
2504 1 0.638338327655336
2505 1 0.5680763300034319
2506 1 0.7979823746556514
2507 1 0.28590140847726575
2508 1 1.0
2509 1 0.5583426720257154
2510 1 0.5859076049162415
2511 1 0.5042268805604243
2512 1 0.39226410960923763
2513 1 0.561118397101616
2514 1 0.30328335718924754
2515 1 0.5525977157025247
2516 1 0.6190883535226327
2517 1 0.5193976994833156
2518 1 0.5066123478147043
2519 1 0.4866785831883439
2520 1 0.5418625909844799
2521 1 0.3313572420903363
2522 1 0.5492518113732153
2523 1 0.3163367984746694
2524 1 0.330423608366041
2525 1 0.27454549646477855
2526 1 0.18122357147028742
2527 1 0.5555386294210088
2528 1 0.3867746751721353
2529 1 0.35336617412292226
2530 1 0.4360321213360322
2531 1 0.5113134752476557
2532 1 0.5361987243933363
2533 1 0.49824029961404254
2534 1 0.3644314634584529
2535 1 0.5305956976827534
2536 1 0.5116913969334611
2537 1 0.564898983165209
2538 1 0.7012273421585585
2539 1 0.5387005591585468
2540 1 0.4485981297463994
2541 1 0.4725370848834551
2542 1 0.5011923557877799
2543 1 0.21764387175687377
2544 1 0.5593434897968086
2545 1 0.5194633223239477
2546 1 0.5300994093439133
2547 1 0.6510089913143448
2548 1 0.6385225748281577
2549 1 0.5189284572803776
2550 1 0.5790485463136054
2551 1 0.43716346200824574
2552 1 0.48954421667324727
2553 1 0.40954953909089054
2554 1 0.5588934925230146
2555 1 0.46101401645591644
2556 1 0.5157903360502176
2557 1 0.6558783238440149
2558 1 0.29921766411384504
2559 1 0.7319152583867748
2560 1 0.457684817103754
2561 1 0.5228959683765639
2562 1 0.41107604997749714
2563 1 0.2521350024039844
2564 1 0.20721435157726603
2565 1 0.41859957171367784
2566 1 0.35466775340875356
2567 1 0.43947516397148756
2568 1 0.49541818243123426
2569 1 0.5830634558757191
2570 1 0.48011803523678176
2571 1 0.38777127645552084
2572 1 0.3851093121396809
2573 1 0.6379239185221159
2574 1 0.5907727791633779
2575 1 0.49217669987084495
2576 1 0.4960290502644603
2577 1 0.49534275615749823
2578 1 0.9032504886379701
2579 1 0.7427161779644109
2580 1 0.5712184640295522
2581 1 0.36510930400202823
2582 1 0.7051138832940775
2583 1 0.47379456770026773
2584 1 0.8039549997253655
2585 1 0.5695661315749401
2586 1 0.37913674361439503
2587 1 0.5610893975204708
2588 1 0.8254488070860699
2589 1 0.271034038761552
2590 1 0.5870499069038299
2591 1 0.4320625450106171
2592 1 0.4089702298893793
2593 1 0.513203465120915
2594 1 0.440288350748186
2595 1 0.4932609727236416
2596 1 0.36854298987900286
2597 1 0.31000346166835696
2598 1 0.26755473212802783
2599 1 0.42524378041576866
2600 1 0.6175412847689806
2601 1 0.5926303637542566
2602 1 0.5497038606561772
2603 1 0.5093212635396135
2604 1 0.5945054904302517
2605 1 0.6557666564799529
2606 1 0.7705168116386553
2607 1 0.4899338978603232
2608 1 0.5255235770490213
2609 1 0.5505688413779646
2610 1 0.5422167357908816
2611 1 0.30626009633719686
2612 1 0.3923556088278526
2613 1 0.5448698455919337
2614 1 0.7321763298646675
2615 1 0.4330012440876131
2616 1 0.42731290164093993
2617 1 0.30522639896955084
2618 1 0.44392104127430004
2619 1 0.5404651546839769
2620 1 0.408200879213719
2621 1 0.4706993095983819
2622 1 0.32041981738240605
2623 1 0.3530010116544252
2624 1 0.45769213209433063
2625 1 0.4379321195335698
2626 1 0.4837295012778994
2627 1 0.304058185873311
2628 1 0.5631506363468846
2629 1 0.5402091866241251
2630 1 0.6558705437392686
2631 1 0.40552480293750043
2632 1 0.5413798209158819
2633 1 0.4710733979937211
2634 1 0.3633882214440216
2635 1 0.5137639344833664
2636 1 0.6439656948838752
2637 1 0.5057358514576169
2638 1 0.6376154541272947
2639 1 0.5511263827143853
2640 1 0.456524941358261
2641 1 0.35159602375984134
2642 1 0.7725438937552663
2643 1 0.522890895959105
2644 1 0.43174083473416863
2645 1 0.6295913555198474
2646 1 0.39684481439946995
2647 1 0.5534320039240705
2648 1 0.640211333493491
2649 1 0.6019886374279633
2650 1 0.4440824452229923
2651 1 0.49644793932443
2652 1 0.6515503206250454
2653 1 0.5686341682046918
2654 1 0.4539440063022454
2655 1 0.5919023690935564
2656 1 0.42849234091509253
2657 1 0.42248068171072106
2658 1 0.46199430150839527
2659 1 0.4456506383819567
2660 1 0.5304619752237215
2661 1 0.6974316980237218
2662 1 0.5507148956100595
2663 1 0.6984379347017686
2664 1 0.7435117368244505
2665 1 0.5081452339999353
2666 1 0.40077703133338777
2667 1 0.5089905385655245
2668 1 0.31129171529087707
2669 1 0.4849358018707104
2670 1 0.5441652102254205
2671 1 0.3990687339055908
2672 1 0.6395972614364497
2673 1 0.38742217840410675
2674 1 0.6971764894913021
2675 1 0.6593449273169799
2676 1 0.30860961415968485
2677 1 0.4915573572272348
2678 1 0.4259980426390879
2679 1 0.3895953978428073
2680 1 0.5231603903293155
2681 1 0.4883024921164124
2682 1 0.24118417149976898
2683 1 0.4473101500546147
2684 1 0.42084795808621395
2685 1 0.4717335170916715
2686 1 0.5518810546409705
2687 1 0.6401218924261658
2688 1 0.3274715868834308
2689 1 0.5252010233511344
2690 1 0.4268741461376132
2691 1 0.5017804146662272
2692 1 0.3759898721141755
2693 1 0.5819416733207817
2694 1 0.5349379940678828
2695 1 0.44392600584874903
2696 1 0.4637757507531341
2697 1 0.5460118904671294
2698 1 0.8131571839148977
2699 1 0.4200747784564781
2700 1 0.4388849909113623
2701 1 0.5194834383668014
2702 1 0.4909661162155227
2703 1 0.4395587739901969
2704 1 0.5929332895893686
2705 1 0.41187918962646813
2706 1 0.6258886649948615
2707 1 0.6923793180911917
2708 1 0.38673953892567003
2709 1 0.623202542618996
2710 1 0.5155394849052585
2711 1 0.6304645673837559
2712 1 0.3535518299769385
2713 1 0.44631769992310205
2714 1 0.3333034656084888
2715 1 0.47059209949057595
2716 1 0.4032851377983397
2717 1 0.5425789786952415
2718 1 0.3849964819111115
2719 1 0.4639981515491928
2720 1 0.5348083352157137
2721 1 0.4667154282443396
2722 1 0.4587981206832633
2723 1 0.28791109304633644
2724 1 0.30733300614556697
2725 1 0.711471440662439
2726 1 0.3421529485484685
2727 1 0.3916082248849598
2728 1 0.3675844204176745
2729 1 0.4188039163448207
2730 1 0.379124085017172
2731 1 0.5196126927483706
2732 1 0.49583301028319565
2733 1 0.4540898658448878
2734 1 0.43859296584031876
2735 1 0.38143927666791916
2736 1 0.4598174107809928
2737 1 0.49847247443746606
2738 1 0.7139003950503244
2739 1 0.5997007840725119
2740 1 0.5576770407290947
2741 1 0.45684955039998715
2742 1 0.2681070454377772
2743 1 0.5484019274470379
2744 1 0.6058511317338605
2745 1 0.38984851247836844
2746 1 0.35118810923530736
2747 1 0.37376250860423
2748 1 0.757909219348508
2749 1 0.5123581694785374
2750 1 0.493028792469844
2751 1 0.49950701749359994
2752 1 0.3919659249124093
2753 1 0.5124321227633243
2754 1 0.5476233947602233
2755 1 0.33181215991564456
2756 1 0.4908938467420933
2757 1 0.41354722665680216
2758 1 0.33743581317695986
2759 1 0.43300192681215866
2760 1 0.5831279773389669
2761 1 0.3515784302311574
2762 1 0.5313354917026148
2763 1 0.317485625399319
2764 1 0.3674422964319467
2765 1 0.5410301387433882
2766 1 0.48434612808866107
2767 1 0.5469574425970375
2768 1 0.4224207047719484
2769 1 0.5012528370527676
2770 1 0.5339761106285537
2771 1 0.681978559399826
2772 1 0.5321779979648457
2773 1 0.39514254369828034
2774 1 0.5634542797690159
2775 1 0.7287448663946158
2776 1 0.3999410706489117
2777 1 0.4085255571368396
2778 1 0.5118346995212365
2779 1 0.45169884576957653
2780 1 0.4165151537444168
2781 1 0.609674724659292
2782 1 0.42679801543101625
2783 1 0.6471512976304155
2784 1 0.34948587852381363
2785 1 0.3867900668950481
2786 1 0.6380576690292932
2787 1 0.3983156470682722
2788 1 0.5584303432128915
2789 1 0.37970147861471115
2790 1 0.5691439708596178
2791 1 0.4510830691945817
2792 1 0.46074071191387084
2793 1 0.35823740186630104
2794 1 0.7701579642338087
2795 1 0.35149586677205197
2796 1 0.5281976973888782
2797 1 0.4355625810688278
2798 1 0.37486501359505736
2799 1 0.394220300868849
2800 1 0.39609355302455124
2801 1 0.6455162659256092
2802 1 0.4332422741507531
2803 1 0.3832313534972807
2804 1 0.4465539091585379
2805 1 0.46078318561051784
2806 1 0.6412348730170464
2807 1 0.6340831739844561
2808 1 0.4121849258119333
2809 1 0.5319653412895533
2810 1 0.5352089753456709
2811 1 0.5963664665005853
2812 1 0.42401075728198845
2813 1 0.4878108621817357
2814 1 0.8028540729435737
2815 1 0.4687349216109854
2816 1 0.32739318334124357
2817 1 0.48011882065075406
2818 1 0.39312453499852373
2819 1 0.47027900398844735
2820 1 0.42371247225504616
2821 1 0.3841150786443477
2822 1 0.2979033940835038
2823 1 0.2679674210057544
2824 1 0.5108194296269191
2825 1 0.39996890935580803
2826 1 0.4455976388279359
2827 1 0.4056612104924092
2828 1 0.5424008679109491
2829 1 0.5825196457803731
2830 1 0.2994125497188569
2831 1 0.5801578590954413
2832 1 0.6089480422774672
2833 1 0.5445615814487442
2834 1 0.5342753955428805
2835 1 0.3344515676572918
2836 1 0.2588533337605368
2837 1 0.2774885418818508
2838 1 0.37127411161582924
2839 1 0.528745602908861
2840 1 0.40338203023507624
2841 1 0.44979973745480833
2842 1 0.6257953545619885
2843 1 0.47901322546078495
2844 1 0.32510294477309326
2845 1 0.3370789969692409
2846 1 0.4981982364905757
2847 1 0.5315718136314916
2848 1 0.43300655673321925
2849 1 0.5287620999896749
2850 1 0.43074254190246086
2851 1 0.5765545055717699
2852 1 0.7723857606315541
2853 1 0.7774779785258992
2854 1 0.690220591925297
2855 1 0.2998578125105296
2856 1 0.47968447838074846
2857 1 0.3510332506271205
2858 1 0.41028938684772975
2859 1 0.36599307364652883
2860 1 0.36590578833223963
2861 1 0.5676741252008326
2862 1 0.48308278807308214
2863 1 0.40614809099825555
2864 1 0.6104740126968745
2865 1 0.49073746388591716
2866 1 0.5201059733453983
2867 1 0.44075941447254835
2868 1 0.5438846500314966
2869 1 0.5020835088165724
2870 1 0.48432025461039263
2871 1 0.592967426146157
2872 1 0.40595536627350204
2873 1 0.4798149785718338
2874 1 0.4462190094789878
2875 1 0.3273025137177021
2876 1 0.41315562531847494
2877 1 0.7643172748982731
2878 1 0.46685953608276914
2879 1 0.5169944962980196
2880 1 0.5757481776605926
2881 1 0.5482074837057594
2882 1 0.4331801547580883
2883 1 0.38997980922096515
2884 1 0.4017750748819315
2885 1 0.47536978952938513
2886 1 0.6327030234079667
2887 1 0.41762796317307194
2888 1 0.5440516073943434
2889 1 0.5056965506151491
2890 1 0.6569540960262483
2891 1 0.5635094896697842
2892 1 0.39480400324293086
2893 1 0.5541641903458239
2894 1 0.411989367657737
2895 1 0.5661709754668662
2896 1 0.4037092608425755
2897 1 0.408703986046149
2898 1 0.5353989745630747
2899 1 0.4171368066562923
2900 1 0.49092259938620686
2901 1 0.32385410966871864
2902 1 0.5521733820072272
2903 1 0.32324556390032294
2904 1 0.2916494215342596
2905 1 0.44351416828759205
2906 1 0.33491090336864465
2907 1 0.33171009719609224
2908 1 0.5478557552971657
2909 1 0.6636741054342713
2910 1 0.42018176533900686
2911 1 0.5833943475965594
2912 1 0.4768792961619706
2913 1 0.5562936101539836
2914 1 0.4986207415601489
2915 1 0.26203939901150386
2916 1 0.4180229057598946
2917 1 0.5068786272189763
2918 1 0.3844461557887353
2919 1 0.5340508766373493
2920 1 0.37279186221518157
2921 1 0.4376221544707086
2922 1 0.5494886745996642
2923 1 0.4300484715921863
2924 1 0.41163301527249674
2925 1 0.44966563191715964
2926 1 0.4388771983510251
2927 1 0.5894810264820035
2928 1 0.35505293073325667
2929 1 0.34825139397358035
2930 1 0.42457660784192763
2931 1 0.6998928000411941
2932 1 0.5094992960579816
2933 1 0.5758073865177761
2934 1 0.4163560092135459
2935 1 0.37072632071364364
2936 1 0.5172284163012991
2937 1 0.3126781657997806
2938 1 0.3309412431360429
2939 1 0.4872091779545067
2940 1 0.32852948575409446
2941 1 0.6071867740950844
2942 1 0.35447379706990334
2943 1 0.5275825242971462
2944 1 0.47182913145298033
2945 1 0.4172290809553525
2946 1 0.5486792517179973
2947 1 0.5372120984940022
2948 1 0.5329703719632528
2949 1 0.6044224010578766
2950 1 0.3915090363490161
2951 1 0.4767983415302476
2952 1 0.5578635441432326
2953 1 0.5417774065000024
2954 1 0.3893141542389509
2955 1 0.45431138417880956
2956 1 0.5497025092179781
2957 1 0.4948391132601624
2958 1 0.32434108353218416
2959 1 0.16182361451986735
2960 1 0.41497784930408665
2961 1 0.4370077737127217
2962 1 0.462969611152038
2963 1 0.5255812820616597
2964 1 0.6551560027774455
2965 1 0.501590307474008
2966 1 0.49543317963483924
2967 1 0.614497111065281
2968 1 0.4896012420192205
2969 1 0.6250346797259942
2970 1 0.45630858224869947
2971 1 0.4464013325332218
2972 1 0.4702913346279859
2973 1 0.45493716515028787
2974 1 0.4852978095818814
2975 1 0.5649074519520956
2976 1 0.35471581900667204
2977 1 0.436915554363247
2978 1 0.43636332662142974
2979 1 0.5534149863972665
2980 1 0.5891230190057577
2981 1 0.5493206383585797
2982 1 0.4562294438793735
2983 1 0.5731110417791772
2984 1 0.5950313562369307
2985 1 0.4159869303514076
2986 1 0.4854860262526571
2987 1 0.34306893827587115
2988 1 0.30519761221425284
2989 1 0.4933888041099719
2990 1 0.29551559846410513
2991 1 0.3066779795785482
2992 1 0.46472113777067536
2993 1 0.42169702097147493
2994 1 0.37549310312133355
2995 1 0.47339512019643076
2996 1 0.5220261210774894
2997 1 0.4598106794765388
2998 1 0.550166042015314
2999 1 0.5287082686262533
3000 1 0.7213567782652216
