9001 1 0.32462935893071004
9002 1 0.5379206607314663
9003 1 0.5214933119339591
9004 1 0.3880101184436328
9005 1 0.4564792762449357
9006 1 0.28791346506739174
9007 1 0.430480093034726
9008 1 0.47937561960604014
9009 1 0.4289201347981237
9010 1 0.41143675679461605
9011 1 0.6448127632823998
9012 1 0.42418629486110426
9013 1 0.39820472380884164
9014 1 0.49745661095128824
9015 1 0.36870944362963404
9016 1 0.4761208062889005
9017 1 0.5427759758860317
9018 1 0.3902243980921469
9019 1 0.4495318142206413
9020 1 0.27597340679576793
9021 1 0.5123048984013902
9022 1 0.5969041961948212
9023 1 0.32928502340604476
9024 1 0.34007584046200173
9025 1 0.3398831165012481
9026 1 0.5687675562350815
9027 1 0.4772119020071911
9028 1 0.30023568678234674
9029 1 0.7149945821793388
9030 1 0.43099026099305293
9031 1 0.458826486155037
9032 1 0.5289082076467446
9033 1 0.3098104595591694
9034 1 0.5877319232807919
9035 1 0.40497993529532506
9036 1 0.553676558521981
9037 1 0.25471871457251016
9038 1 0.31791085218637827
9039 1 0.48160630722401543
9040 1 0.688945813138596
9041 1 0.7093810026807883
9042 1 0.4622509061756172
9043 1 0.3898483665252381
9044 1 0.656719323093714
9045 1 0.4382975371439266
9046 1 0.40072535655171715
9047 1 0.5378417517187577
9048 1 0.4530168727027387
9049 1 0.632990062081194
9050 1 0.4197500539397817
9051 1 0.30251429344762104
9052 1 0.4692511411640423
9053 1 0.44730465485829024
9054 1 0.6534793976730061
9055 1 0.33199939654237814
9056 1 0.4663980339769812
9057 1 0.4303885747097865
9058 1 0.4717754635715007
9059 1 0.33820674635184195
9060 1 0.5775787259695412
9061 1 0.5390387755329131
9062 1 0.5188460380548525
9063 1 0.36538064981972707
9064 1 0.32259351106205597
9065 1 0.4765963129213439
9066 1 0.3642237599826285
9067 1 0.5048420256782944
9068 1 0.5657741660814256
9069 1 0.22512704578876766
9070 1 0.4415203917645695
9071 1 0.6213540075993105
9072 1 0.6404982582735048
9073 1 0.6884481596439367
9074 1 0.4079485145069406
9075 1 0.47435468582505647
9076 1 0.44284484101828103
9077 1 0.5675774821582065
9078 1 0.28124340680283727
9079 1 0.5084552342762524
9080 1 0.28330978647951266
9081 1 0.4178154998994655
9082 1 0.6084216414388489
9083 1 0.3748389174991923
9084 1 0.18576720689811585
9085 1 0.4013079685670185
9086 1 0.5279654972365089
9087 1 0.5207265630809105
9088 1 0.3823698296450994
9089 1 0.4547809494851102
9090 1 0.4847873458309436
9091 1 0.4046736409959793
9092 1 0.43772205125095354
9093 1 0.48906968247809607
9094 1 0.34333985547646495
9095 1 0.5282068360780282
9096 1 0.4706513170115592
9097 1 0.4465620402499291
9098 1 0.5420725578624929
9099 1 0.4128207451539816
9100 1 0.5239871072480907
9101 1 0.3856575506990399
9102 1 0.5749029592491913
9103 1 0.517079424212078
9104 1 0.4391196182083074
9105 1 0.7841672215138911
9106 1 0.43561742070173987
9107 1 0.4069095059033735
9108 1 0.49751335119231754
9109 1 0.4533927109671659
9110 1 0.70334461907084
9111 1 0.27188343246455426
9112 1 0.3946549528143607
9113 1 0.45415095672970723
9114 1 0.28633804318693756
9115 1 0.36089115253940235
9116 1 0.48623883696993303
9117 1 0.37712277938501515
9118 1 0.4336306073216773
9119 1 0.5641571101190042
9120 1 0.42189018253451543
9121 1 0.3962379060035499
9122 1 0.4522847976556479
9123 1 0.34137985179164826
9124 1 0.5885174302399278
9125 1 0.3959290718704513
9126 1 0.3611549161327882
9127 1 0.4288294246273178
9128 1 0.3508934846853084
9129 1 0.30825726108538576
9130 1 0.30310138137217524
9131 1 0.4081007589312513
9132 1 0.39578293075706
9133 1 0.35822309989153966
9134 1 0.5938690030621949
9135 1 0.322462497739855
9136 1 0.43754199179209197
9137 1 0.329110432160997
9138 1 0.427557720881574
9139 1 0.5563681516403375
9140 1 0.2876946574743716
9141 1 0.35996764258454805
9142 1 0.5845115738270295
9143 1 0.4777433138250368
9144 1 0.45647043924311176
9145 1 0.46308271282309993
9146 1 0.7048923939817417
9147 1 0.5442527258630552
9148 1 0.554455377270723
9149 1 0.3654896552245374
9150 1 0.5852118346691485
9151 1 0.37821108539073517
9152 1 0.4916971954078253
9153 1 0.5995400824222865
9154 1 0.4647228608053516
9155 1 0.5230987935982974
9156 1 0.4751413043427947
9157 1 0.3779583045399187
9158 1 0.45353019257312094
9159 1 0.6384802089319049
9160 1 0.5441398094803476
9161 1 0.4178543589676163
9162 1 0.22246975429282462
9163 1 0.5230674616788569
9164 1 0.691962124473734
9165 1 0.6916675628307452
9166 1 0.46601850327462147
9167 1 0.36006648172097216
9168 1 0.6003474849781457
9169 1 0.21609928242643847
9170 1 0.36683592047983293
9171 1 0.45385655067164277
9172 1 0.5101810568580658
9173 1 0.37018699538208666
9174 1 0.40849239807886695
9175 1 0.4911770015126123
9176 1 0.37446018857226154
9177 1 0.49422783855682795
9178 1 0.47341766161392923
9179 1 0.33765585507962415
9180 1 0.45863685336997795
9181 1 0.42925403002941503
9182 1 0.48258667473259576
9183 1 0.46875851353390235
9184 1 0.5420658840735181
9185 1 0.6345570138740037
9186 1 0.3776274092411131
9187 1 0.44870596140052343
9188 1 0.46806925262912147
9189 1 0.4818783054476472
9190 1 0.5144728334332903
9191 1 0.3201126467687328
9192 1 0.3825880969895772
9193 1 0.6238616765958501
9194 1 0.3895626199746099
9195 1 0.3395744160436102
9196 1 0.6310933137907723
9197 1 0.5467093688285071
9198 1 0.39518409242671004
9199 1 0.4631528855065826
9200 1 0.5990204235062513
9201 1 0.5916427344998016
9202 1 0.5375061799975082
9203 1 0.7152961931228659
9204 1 0.506737513758564
9205 1 0.5479203026559527
9206 1 0.3139005994593665
9207 1 0.5660964626091558
9208 1 0.4727908443440549
9209 1 0.5940509403562105
9210 1 0.5403801802153376
9211 1 0.4603898023635852
9212 1 0.48697723164922824
9213 1 0.5359141676611756
9214 1 0.5244865628654545
9215 1 0.5649412767181784
9216 1 0.510929982501247
9217 1 0.5029726317690204
9218 1 0.5260993609039178
9219 1 0.382204799800845
9220 1 0.44100528918493165
9221 1 0.6039592697383132
9222 1 0.2615411603662255
9223 1 0.3738269607043092
9224 1 0.45795898621820774
9225 1 0.3735573605962553
9226 1 0.45994028922953956
9227 1 0.4232208293930399
9228 1 0.5641778497835283
9229 1 0.5732582868240651
9230 1 0.6285401923642515
9231 1 0.5961628576047061
9232 1 0.4593513620193935
9233 1 0.5923627080350113
9234 1 0.41403453913708294
9235 1 0.6789490330337751
9236 1 0.31693262459450866
9237 1 0.6767571717584231
9238 1 0.38176621144635764
9239 1 0.7350153483959138
9240 1 0.686650320655689
9241 1 0.4820486709395945
9242 1 0.525089898182516
9243 1 0.41827630195389914
9244 1 0.6435745335914871
9245 1 0.5708744176668796
9246 1 0.6113382037014911
9247 1 0.5095378893044064
9248 1 0.6485171110883787
9249 1 0.46559530839823593
9250 1 0.3465503137781421
9251 1 0.4188329609617099
9252 1 0.6275677641241627
9253 1 0.38916555365875766
9254 1 0.5076075529744764
9255 1 0.5605143767163395
9256 1 0.7225284945350668
9257 1 0.5889129382105236
9258 1 0.48318189162276826
9259 1 0.3971207123352971
9260 1 0.65731025765445
9261 1 0.4290143707285387
9262 1 0.7098975304848918
9263 1 0.4095848424771684
9264 1 0.43389824999943766
9265 1 0.5063022703412785
9266 1 0.3368159222398729
9267 1 0.38245753405938476
9268 1 0.5738009639888255
9269 1 0.43474593074654383
9270 1 0.2992764854794907
9271 1 0.5848869686328226
9272 1 0.47747678048719927
9273 1 0.26626661341609464
9274 1 0.6496429177755143
9275 1 0.29736964996115206
9276 1 0.5311769134532093
9277 1 0.3923004617516771
9278 1 0.3195008330439774
9279 1 0.6316074692714511
9280 1 0.6385502166010741
9281 1 0.5240071313883646
9282 1 0.579494897137999
9283 1 0.5446098459576323
9284 1 0.5883183381133481
9285 1 0.6470691290688996
9286 1 0.40151580229218864
9287 1 0.46868008403337547
9288 1 0.3881634203462247
9289 1 0.4923586479340949
9290 1 0.456611762493219
9291 1 0.36325535670511405
9292 1 0.6610951829203812
9293 1 0.33098476485160655
9294 1 0.4977593417734674
9295 1 0.6014855970183735
9296 1 0.4542209047718555
9297 1 0.3529696420840622
9298 1 0.4341402868931032
9299 1 0.588203590210428
9300 1 0.46966103866010983
9301 1 0.27350290318265247
9302 1 0.5448979531836159
9303 1 0.36270703244547725
9304 1 0.3221838853542694
9305 1 0.4706547027170032
9306 1 0.3894890748977623
9307 1 0.4409390981997663
9308 1 0.36176253793931085
9309 1 0.5979047733807776
9310 1 0.30289945321808326
9311 1 0.2708292286773966
9312 1 0.3612939236358069
9313 1 0.5198393521150003
9314 1 0.5403599835727058
9315 1 0.4371756700001913
9316 1 0.4716690426513751
9317 1 0.37462203655228277
9318 1 0.6431684117338462
9319 1 0.46677664891923476
9320 1 0.47137079799984327
9321 1 0.3550072862513859
9322 1 0.3547311496351727
9323 1 0.658558148864084
9324 1 0.4043011440633992
9325 1 0.335346394620416
9326 1 0.5211384401940702
9327 1 0.3480362124815077
9328 1 0.5827829166043784
9329 1 0.41564596298071715
9330 1 0.48163552141354365
9331 1 0.3764466461315441
9332 1 0.5569253985983071
9333 1 0.7382036445819511
9334 1 0.5291336352257533
9335 1 0.3256815833781107
9336 1 0.4606672604809814
9337 1 0.3871718790112733
9338 1 0.5304345950386075
9339 1 0.4847663463035427
9340 1 0.5523874966571323
9341 1 0.479118202823687
9342 1 0.37291632020189747
9343 1 0.3948911884149009
9344 1 0.623421436156883
9345 1 0.4357742178570932
9346 1 0.550222589291216
9347 1 0.5482642634830324
9348 1 0.5181996722741962
9349 1 0.5943085354649564
9350 1 0.3713392492876482
9351 1 0.48062983738125337
9352 1 0.441265673174243
9353 1 0.6028017054225415
9354 1 0.5451374790863666
9355 1 0.6006651297662451
9356 1 0.5836752538300712
9357 1 0.5055846527667296
9358 1 0.41009808913111573
9359 1 0.6606547813497903
9360 1 0.7556879031240223
9361 1 0.5518481868937071
9362 1 0.5257934218706825
9363 1 0.6784334717420791
9364 1 0.5834239231638686
9365 1 0.46317357746949006
9366 1 0.6684366788798491
9367 1 0.41524675647081916
9368 1 0.5135882141627743
9369 1 0.40141544336007046
9370 1 0.4299658119213008
9371 1 0.5705601358427558
9372 1 0.44101399472997466
9373 1 0.5219881574119393
9374 1 0.44707288435093884
9375 1 0.4550606312743813
9376 1 0.3731858052159345
9377 1 0.6363466165679955
9378 1 0.23099325138521545
9379 1 0.6371404341471619
9380 1 0.5784028831635873
9381 1 0.4298291853390911
9382 1 0.4943799997806446
9383 1 0.4285995885314567
9384 1 0.2600894673273701
9385 1 0.3913525052729469
9386 1 0.49004137522581637
9387 1 0.41643653490860466
9388 1 0.5401445198075475
9389 1 0.3870409095079994
9390 1 0.6485404904272487
9391 1 0.5099668563537445
9392 1 0.42849048578206805
9393 1 0.5317888841495637
9394 1 0.43537685368347184
9395 1 0.4632458004904847
9396 1 0.5521910275647998
9397 1 0.5663382299332201
9398 1 0.5699361105041317
9399 1 0.4979331470511799
9400 1 0.4317223776403909
9401 1 0.5747950939684864
9402 1 0.40714294541263846
9403 1 0.4700362501474808
9404 1 0.3751771441482116
9405 1 0.39487478405079457
9406 1 0.6436396033113254
9407 1 0.48258483905235877
9408 1 0.6456035612382965
9409 1 0.47826848699249264
9410 1 0.5165611084293541
9411 1 0.46612860914463494
9412 1 0.39035598494308776
9413 1 0.33929429578773473
9414 1 0.36709652578245894
9415 1 0.53107900782633
9416 1 0.6198394352322941
9417 1 0.49471848795655077
9418 1 0.5138495984993612
9419 1 0.4047219793737692
9420 1 0.23809936870923362
9421 1 0.21687037157193442
9422 1 0.7927291730426961
9423 1 0.30953077943390817
9424 1 0.46641583527738517
9425 1 0.4733274057178218
9426 1 0.4652777457012908
9427 1 0.48661130034498057
9428 1 0.4998216371378825
9429 1 0.4357578869867568
9430 1 0.46451645036330214
9431 1 0.4688161451295595
9432 1 0.6659301716395437
9433 1 0.4356076768145293
9434 1 0.36263410610297164
9435 1 0.6878891158326274
9436 1 0.5968515949010434
9437 1 0.5413238499272716
9438 1 0.48970224141407526
9439 1 0.4557634818705497
9440 1 0.39668487653049284
9441 1 0.5123246346679541
9442 1 0.36839122975015437
9443 1 0.7123808400407395
9444 1 0.42637776869948824
9445 1 0.40899704540706866
9446 1 0.48863142332023085
9447 1 0.37277908320539543
9448 1 0.48292601099887283
9449 1 0.3498413240249533
9450 1 0.22908640310946776
9451 1 0.4561856519941818
9452 1 0.46736691011063775
9453 1 0.3393827207182999
9454 1 0.4072754990533221
9455 1 0.42028964575288214
9456 1 0.5685246163387189
9457 1 0.3904604107153624
9458 1 0.3795201400570051
9459 1 0.5467716374650408
9460 1 0.7073652932144201
9461 1 0.3937363089790772
9462 1 0.42604337537457165
9463 1 0.5009494700343868
9464 1 0.46433571032439797
9465 1 0.4201035966904432
9466 1 0.29135340530815984
9467 1 0.47894569963370853
9468 1 0.3584885801884558
9469 1 0.7379634311657834
9470 1 0.6077955621573581
9471 1 0.5420747485315052
9472 1 0.41586044054268406
9473 1 0.5391414443880852
9474 1 0.48179429763131904
9475 1 0.3609129738103511
9476 1 0.37564359107884165
9477 1 0.6301737103764554
9478 1 0.5545220161518821
9479 1 0.38766623000098305
9480 1 0.5211247012964629
9481 1 0.6434185911825441
9482 1 0.488649423192481
9483 1 0.5186243117884959
9484 1 0.4236542215993294
9485 1 0.3562550191027461
9486 1 0.5928140219050864
9487 1 0.5120803588489896
9488 1 0.46855556728309655
9489 1 0.48532275293652083
9490 1 0.346289207608541
9491 1 0.4214091347491583
9492 1 0.704027137684906
9493 1 0.35786515638940486
9494 1 0.5613662000160518
9495 1 0.42482284963948463
9496 1 0.5413098470067628
9497 1 0.38301032979091476
9498 1 0.6015384673270823
9499 1 0.8429892897781534
9500 1 0.381327669684147
9501 1 0.6175155564047761
9502 1 0.5086980152596711
9503 1 0.3627595258559475
9504 1 0.5459906322073111
9505 1 0.4959366477469176
9506 1 0.35423850342358926
9507 1 0.27169507930309594
9508 1 0.5953710088265675
9509 1 0.5044669692211776
9510 1 0.43255280260500006
9511 1 0.45592533206925073
9512 1 0.4049597891276596
9513 1 0.412975032150425
9514 1 0.40876457102353636
9515 1 0.5318095034507062
9516 1 0.44065649329979906
9517 1 0.5838861870509855
9518 1 0.6532626933884794
9519 1 0.5574679015966998
9520 1 0.4332863852450458
9521 1 0.48385635476498573
9522 1 0.32846606402420625
9523 1 0.5145314365333846
9524 1 0.47740426570980476
9525 1 0.7893444413218588
9526 1 0.40287410138963026
9527 1 0.3818309281187657
9528 1 0.6478291325805484
9529 1 0.2795749279429709
9530 1 0.6981717076617969
9531 1 0.5772214269939014
9532 1 0.6476944090709762
9533 1 0.4453112617058113
9534 1 0.4896745750310739
9535 1 0.4784682721791891
9536 1 0.26824852767372387
9537 1 0.5489219095866924
9538 1 0.6056361585041331
9539 1 0.47242731309672975
9540 1 0.4874369601399518
9541 1 0.42061992675470555
9542 1 0.39803483172770626
9543 1 0.5035818718251551
9544 1 0.7284189916251359
9545 1 0.32160995253718805
9546 1 0.33906383596550205
9547 1 0.36372911474050434
9548 1 0.3762119272760132
9549 1 0.6052753307181995
9550 1 0.4020817206829988
9551 1 0.35104819655894215
9552 1 0.5309926667908097
9553 1 0.6112334074096822
9554 1 0.5205925043432869
9555 1 0.26344211360962416
9556 1 0.6002432555590375
9557 1 0.5073887561975204
9558 1 0.48459122950870653
9559 1 0.45810575937801995
9560 1 0.46536167974651416
9561 1 0.42325839053348113
9562 1 0.43032420969813384
9563 1 0.3275865199838367
9564 1 0.41083603369573746
9565 1 0.46737202028499153
9566 1 0.5381463598214209
9567 1 0.5016265329147133
9568 1 0.41368282735196366
9569 1 0.602397931482847
9570 1 0.615244375938279
9571 1 0.473056814691882
9572 1 0.3477283950584482
9573 1 0.6464130210650424
9574 1 0.5057366373281634
9575 1 0.5360663097488786
9576 1 0.41663714156151377
9577 1 0.6454290928526453
9578 1 0.5621224459160478
9579 1 0.4928172232659688
9580 1 0.3958341584106784
9581 1 0.5299724809123803
9582 1 0.5632856947669179
9583 1 0.22241315687931051
9584 1 0.45705983431737013
9585 1 0.5227423615718073
9586 1 0.38972172649834724
9587 1 0.4554415486516443
9588 1 0.6595420623777273
9589 1 0.45106202717122734
9590 1 0.54101139962336
9591 1 0.6017732979486103
9592 1 0.4584129200718452
9593 1 0.4275978160317335
9594 1 0.669845206392974
9595 1 0.48459567685245647
9596 1 0.3473076945328788
9597 1 0.30955952048995933
9598 1 0.3483828262950124
9599 1 0.4885010625672393
9600 1 0.42168570428527624
9601 1 0.21557142243768998
9602 1 0.29739957190955096
9603 1 0.5593595757663155
9604 1 0.516324544186862
9605 1 0.6507631042692668
9606 1 0.5670249676443468
9607 1 0.28199766171500684
9608 1 0.5049730625739686
9609 1 0.41741299199395776
9610 1 0.611698939412211
9611 1 0.4118260061467032
9612 1 0.5210924735850347
9613 1 0.5228509265686684
9614 1 0.4029024871795712
9615 1 0.4114293222757893
9616 1 0.4396988450728348
9617 1 0.5118396074029594
9618 1 0.4218828231734684
9619 1 0.5383976879916087
9620 1 0.5086206745762781
9621 1 0.4847457453065089
9622 1 0.4459609150153285
9623 1 0.47689195866677203
9624 1 0.5589928277105495
9625 1 0.519562843037908
9626 1 0.5228347191123983
9627 1 0.5011185312199202
9628 1 0.4244638309096298
9629 1 0.4002661161705597
9630 1 0.441478531377258
9631 1 0.6972484797566179
9632 1 0.5731615196572817
9633 1 0.40182495591518497
9634 1 0.45073455640476306
9635 1 0.5499906060679346
9636 1 0.31936918712068557
9637 1 0.5835959726338186
9638 1 0.259766971950459
9639 1 0.6877052033588794
9640 1 0.622855128110425
9641 1 0.4027016905522005
9642 1 0.6544672216098768
9643 1 0.4377101369401843
9644 1 0.2862067428230316
9645 1 0.7657919292205363
9646 1 0.5595519486209835
9647 1 0.4985276148595696
9648 1 0.35831134788238717
9649 1 0.5393249550034461
9650 1 0.3079797095061012
9651 1 0.49440239596700813
9652 1 0.45316013396969074
9653 1 0.48673095291703344
9654 1 0.6088989990049533
9655 1 0.5396372899360057
9656 1 0.5020323130956579
9657 1 0.5608556407380672
9658 1 0.3938877979429005
9659 1 0.41004696714212485
9660 1 0.4207782534124772
9661 1 0.49591435334249195
9662 1 0.5246861392189103
9663 1 0.36635370816489204
9664 1 0.3558781139306482
9665 1 0.4933215940911948
9666 1 0.45671983910317904
9667 1 0.43594379128033595
9668 1 0.5333793719755074
9669 1 0.42408807029899726
9670 1 0.677746181857006
9671 1 0.6662213131875508
9672 1 0.35926394833536845
9673 1 0.573508537547853
9674 1 0.3049080701196558
9675 1 0.3211255711853634
9676 1 0.6026019610040874
9677 1 0.5030372646862643
9678 1 0.6506501146701241
9679 1 0.38242589180210074
9680 1 0.8144511841377629
9681 1 0.3223874750222305
9682 1 0.3593783756390508
9683 1 0.45307099684289526
9684 1 0.32782810343480884
9685 1 0.5596770244785834
9686 1 0.5700528399654885
9687 1 0.45950164291204126
9688 1 0.6466965883173925
9689 1 0.5315110197364209
9690 1 0.5201743131446224
9691 1 0.33577602755104263
9692 1 0.8120244664487297
9693 1 0.587698775094563
9694 1 0.30239244909721585
9695 1 0.35698856208388957
9696 1 0.5385177091418512
9697 1 0.44705548213557206
9698 1 0.4385344702419431
9699 1 0.38539357272571395
9700 1 0.622801655152803
9701 1 0.4329595548450519
9702 1 0.45177326798256573
9703 1 0.5159641898117403
9704 1 0.5009390133962759
9705 1 0.660794790309424
9706 1 0.58632442994981
9707 1 0.6722940620695038
9708 1 0.5678484775385482
9709 1 0.4678344910640037
9710 1 0.5093869497411797
9711 1 0.4355971896695704
9712 1 0.6569927160349636
9713 1 0.6245306593215146
9714 1 0.4198639221361429
9715 1 0.44699397006886565
9716 1 0.509936527000259
9717 1 0.49849317928436043
9718 1 0.4700766866970016
9719 1 0.3199604084457916
9720 1 0.5582255710571514
9721 1 0.5081236764241781
9722 1 0.6459062618309628
9723 1 0.3217597769364576
9724 1 0.3817185167630578
9725 1 0.4264182138463935
9726 1 0.42457506858369953
9727 1 0.42134022366250257
9728 1 0.34862937515147835
9729 1 0.388647464458713
9730 1 0.5376390683815134
9731 1 0.6351576862205808
9732 1 0.7398285302655466
9733 1 0.34981714263331914
9734 1 0.43073624267355265
9735 1 0.5571087735968626
9736 1 0.36922607460235035
9737 1 0.49329279923215735
9738 1 0.6413133266455647
9739 1 0.3684918230303312
9740 1 0.58167780520817
9741 1 0.5552993481077928
9742 1 0.30801370827871594
9743 1 0.2462349199239464
9744 1 0.3907836277178932
9745 1 0.37306393729205595
9746 1 0.2911963604926686
9747 1 0.5410016496347798
9748 1 0.42352561166207087
9749 1 0.5639896408362599
9750 1 0.6181298109546962
9751 1 0.3406584674533919
9752 1 0.520896797393412
9753 1 0.43781517811878085
9754 1 0.407983060738807
9755 1 0.5470166687444925
9756 1 0.5261430738889005
9757 1 0.4652386073568145
9758 1 0.504590389111608
9759 1 0.295409665412449
9760 1 0.3444766413008151
9761 1 0.45677644178605775
9762 1 0.4343151463210774
9763 1 0.7256526398120565
9764 1 0.474836674608003
9765 1 0.4663521866219876
9766 1 0.5382967552534156
9767 1 0.508925443810565
9768 1 0.4419821916702636
9769 1 0.392325892814734
9770 1 0.40057336339289895
9771 1 0.34223732468225165
9772 1 0.38558789940532084
9773 1 0.587132870015832
9774 1 0.6289530717660312
9775 1 0.46972857998929596
9776 1 0.7235941835957787
9777 1 0.36788682925008537
9778 1 0.42096901384156776
9779 1 0.5681989377108997
9780 1 0.4800161200291906
9781 1 0.35506439257458955
9782 1 0.4040840379204855
9783 1 0.4187821640093163
9784 1 0.39738222729665973
9785 1 0.483182283219761
9786 1 0.2292585937429229
9787 1 0.5079531298324882
9788 1 0.418128725909318
9789 1 0.4314844530698186
9790 1 0.525890290264734
9791 1 0.44986220782046676
9792 1 0.4506997051044178
9793 1 0.3924136490906608
9794 1 0.35248396973790236
9795 1 0.4134975772916041
9796 1 0.5370841776615396
9797 1 0.5511763076815045
9798 1 0.6472459656179509
9799 1 0.33767505109764584
9800 1 0.4706292389284185
9801 1 0.5171942841583301
9802 1 0.3658619200277387
9803 1 0.6848714957537158
9804 1 0.4447040367656459
9805 1 0.5508117392013515
9806 1 0.49451252457849015
9807 1 0.5792773173069382
9808 1 0.7151843896854356
9809 1 0.35697474109512817
9810 1 0.4972640478448235
9811 1 0.39609780552337254
9812 1 0.32542730907842327
9813 1 0.4192187275411098
9814 1 0.5406434371177138
9815 1 0.45725534077998475
9816 1 0.6589927582936038
9817 1 0.6041541799307193
9818 1 0.44139198150849696
9819 1 0.6614453735231315
9820 1 0.552445965804431
9821 1 0.4603355850388752
9822 1 0.45404648159180605
9823 1 0.7181466179259939
9824 1 0.5711854302662513
9825 1 0.25473293464630875
9826 1 0.37973402939147805
9827 1 0.5108199698157867
9828 1 0.35340049806195356
9829 1 0.32755563263237003
9830 1 0.43291940062254136
9831 1 0.6447850200776089
9832 1 0.38255613385572057
9833 1 0.4315304989966584
9834 1 0.5457676379654229
9835 1 0.2965501805602842
9836 1 0.4912139968896931
9837 1 0.4103578039111188
9838 1 0.5599755115208884
9839 1 0.3556751801599165
9840 1 0.4540324118335671
9841 1 0.45363908759860894
9842 1 0.3602099773359828
9843 1 0.5199762341227271
9844 1 0.5389359167032793
9845 1 0.4827412243652658
9846 1 0.4202611595676782
9847 1 0.3262164702032642
9848 1 0.6007703326311354
9849 1 0.6321614148338109
9850 1 0.4734511708903031
9851 1 0.40186419770560905
9852 1 0.7289686454286701
9853 1 0.6109402083134534
9854 1 0.351129739421962
9855 1 0.5533898357522209
9856 1 0.6489798012393607
9857 1 0.6046697803266474
9858 1 0.42187869781563103
9859 1 0.539485789878783
9860 1 0.5194810003757739
9861 1 0.49285765953815464
9862 1 0.33491161712589795
9863 1 0.4543023608290266
9864 1 0.3693208108450705
9865 1 0.4820294485747496
9866 1 0.3017077644969509
9867 1 0.19927811989773228
9868 1 0.30765782398881253
9869 1 0.5321975500009821
9870 1 0.4359034440326788
9871 1 0.309493044127099
9872 1 0.5377384458251351
9873 1 0.4229848885995842
9874 1 0.564321444961797
9875 1 0.41249646762248476
9876 1 0.49604502055063704
9877 1 0.6031593213920641
9878 1 0.2695436199103921
9879 1 0.4423095381906565
9880 1 0.5385564431319256
9881 1 0.48658718551374175
9882 1 0.5216648638649537
9883 1 0.5308299665603929
9884 1 0.7084726637813812
9885 1 0.4551000719139865
9886 1 0.5041771918839404
9887 1 0.38543348261610655
9888 1 0.45708763770385163
9889 1 0.530464019170716
9890 1 0.5479868516805781
9891 1 0.3902290520504573
9892 1 0.2526279879352172
9893 1 0.3229281257002872
9894 1 0.3919508427363219
9895 1 0.4260489850292255
9896 1 0.6744816288126801
9897 1 0.49335106869826995
9898 1 0.5811472201259016
9899 1 0.5280145087062968
9900 1 0.5258949686285228
9901 1 0.3403357466031415
9902 1 0.3131692965128617
9903 1 0.5382387392714754
9904 1 0.6503757014134808
9905 1 0.47035081513061977
9906 1 0.5317455300360463
9907 1 0.523279198616545
9908 1 0.4842504852127327
9909 1 0.5089554517328081
9910 1 0.5341043403137189
9911 1 0.5640234063701559
9912 1 0.37881100477283985
9913 1 0.45266685737569623
9914 1 0.4115008619433917
9915 1 0.7265035920025945
9916 1 0.5029768134258589
9917 1 0.561574981117516
9918 1 0.5372686683787221
9919 1 0.4220130535790191
9920 1 0.48779097824277046
9921 1 0.43032356600364374
9922 1 0.34862532855677547
9923 1 0.4617460092459327
9924 1 0.41354047019704854
9925 1 0.3971208013598259
9926 1 0.4053351706213736
9927 1 0.5242552430274467
9928 1 0.8408043970988603
9929 1 0.4629151825266598
9930 1 0.46875980868826217
9931 1 0.7128758286235698
9932 1 0.6038712064525625
9933 1 0.34634315425430995
9934 1 0.6203575213816539
9935 1 0.5792694823163994
9936 1 0.5993171270072957
9937 1 0.5072126287940147
9938 1 0.6027532680361635
9939 1 0.6598263168661593
9940 1 0.4886846810659077
9941 1 0.7530619771050525
9942 1 0.3650565639267018
9943 1 0.5447865141643503
9944 1 0.5082930698570182
9945 1 0.3717003291710794
9946 1 0.4662796069482077
9947 1 0.4103433841561342
9948 1 0.4744502518540388
9949 1 0.41127670677727446
9950 1 0.4402707677659761
9951 1 0.6507792623599102
9952 1 0.45908368439742564
9953 1 0.4316426482708095
9954 1 0.5118098097006318
9955 1 0.4799693017244297
9956 1 0.47587858912749753
9957 1 0.4452517378535812
9958 1 0.6854127496353555
9959 1 0.5363518743677594
9960 1 0.5814662962398363
9961 1 0.7108995844796203
9962 1 0.36598671660901305
9963 1 0.5339984141591988
9964 1 0.4359588006494895
9965 1 0.6306825848444325
9966 1 0.4709170366485636
9967 1 0.5839600119588284
9968 1 0.305711888398225
9969 1 0.5252923008567598
9970 1 0.4905562270946317
9971 1 0.5279774279100421
9972 1 0.506084314166649
9973 1 0.7310697047353377
9974 1 0.5968886196756322
9975 1 0.5187309678886851
9976 1 0.47308727716615817
9977 1 0.42046805257259395
9978 1 0.5002364035268707
9979 1 0.46953863131969387
9980 1 0.5422497582750386
9981 1 0.5301443828401206
9982 1 0.29638450979488945
9983 1 0.44710833719085713
9984 1 0.6211589537473845
9985 1 0.5601862558766807
9986 1 0.6255424483287344
9987 1 0.47835314904204024
9988 1 0.6159258354100539
9989 1 0.6474025298119205
9990 1 0.7585831216865523
9991 1 0.3854789619475808
9992 1 0.4437881479760603
9993 1 0.3774379481264071
9994 1 0.2802884234877021
9995 1 0.6444590724348584
9996 1 0.45384427083336887
9997 1 0.5969630818992608
9998 1 0.6877424344706936
9999 1 0.241027601782532
10000 1 0.4836378780325975
