4001 1 0.4038353355424566
4002 1 0.5489433730231005
4003 1 0.35505686887475496
4004 1 0.22318977222460726
4005 1 0.6050962428954668
4006 1 0.3786780175020659
4007 1 0.2686103248295677
4008 1 0.7515867658552563
4009 1 0.29765443966801286
4010 1 0.4357549571952035
4011 1 0.5770131187797696
4012 1 0.3871084326542325
4013 1 0.5252646578313274
4014 1 0.36398708063779894
4015 1 0.6707532507555304
4016 1 0.23709473808136272
4017 1 0.3453724373692058
4018 1 0.5022307038753462
4019 1 0.5643439928128801
4020 1 0.5052702309187252
4021 1 0.585453920813913
4022 1 0.5115897432317879
4023 1 0.37623797813917226
4024 1 0.26787731998982117
4025 1 0.5545668140253309
4026 1 0.5882152703981295
4027 1 0.6422856356645185
4028 1 0.2983063322633848
4029 1 0.408507158976986
4030 1 0.45481506871340627
4031 1 0.47155808045024444
4032 1 0.5338336880908802
4033 1 0.29739977199820816
4034 1 0.469536775935243
4035 1 0.4706914821096682
4036 1 0.3931117454264792
4037 1 0.36189379289070855
4038 1 0.3714283398524938
4039 1 0.3822334793711337
4040 1 0.3371544287919755
4041 1 0.49272024000279196
4042 1 0.406188982149476
4043 1 0.36750107076694594
4044 1 0.5799792012405093
4045 1 0.3489837954750499
4046 1 0.5662449287911947
4047 1 0.44922827084688605
4048 1 0.5796756370860218
4049 1 0.2337596269103612
4050 1 0.27676453153400843
4051 1 0.46118560412205933
4052 1 0.3723349418603756
4053 1 0.4202650986722524
4054 1 0.2971798634802077
4055 1 0.5114542181917381
4056 1 0.4749061641125391
4057 1 0.45755469979357766
4058 1 0.4759723780061499
4059 1 0.4624659170615647
4060 1 0.502571336883141
4061 1 0.7206450515288243
4062 1 0.40447133169328525
4063 1 0.37826888505799494
4064 1 0.49877853317660276
4065 1 0.37492509140434527
4066 1 0.41198290760837275
4067 1 0.4000170932620689
4068 1 0.5582139926311259
4069 1 0.48901981643488485
4070 1 0.624835123023979
4071 1 0.3429385185386764
4072 1 0.4994400713024556
4073 1 0.3662585506207777
4074 1 0.7031948730803552
4075 1 0.2511707754551199
4076 1 0.3679115273259989
4077 1 0.5381371813299555
4078 1 0.36798906457854647
4079 1 0.5540343805767075
4080 1 0.3583247450694316
4081 1 0.6363251199729629
4082 1 0.44357801146812964
4083 1 0.56550453406916
4084 1 0.27873818943344314
4085 1 0.4934149031464696
4086 1 0.6337021608473599
4087 1 0.4881187491380007
4088 1 0.4808932303920075
4089 1 0.6960493762202665
4090 1 0.5767396263889609
4091 1 0.6913769971609403
4092 1 0.5609417912294907
4093 1 0.5942521508691264
4094 1 0.5920224832857597
4095 1 0.37211935742266294
4096 1 0.305984745559051
4097 1 0.48683148365902246
4098 1 0.31135107307474946
4099 1 0.7168919556528328
4100 1 0.45705158502647486
4101 1 0.36661365013174346
4102 1 0.48144822562112866
4103 1 0.2678187654268029
4104 1 0.5089398592047003
4105 1 0.46635165684786334
4106 1 0.572987892627389
4107 1 0.2737803952413048
4108 1 0.46082449761572364
4109 1 0.2683508059773226
4110 1 0.38603871237339854
4111 1 0.27669361518588426
4112 1 0.583702506335135
4113 1 0.549469197100255
4114 1 0.5598001646512597
4115 1 0.3758385166244431
4116 1 0.3142250497230087
4117 1 0.5314878683662706
4118 1 0.41373073724947573
4119 1 0.5249606781741453
4120 1 0.6169477909297066
4121 1 0.40863777219102543
4122 1 0.6475386347280132
4123 1 0.18425470548840553
4124 1 0.6273171721951384
4125 1 0.4207187965614041
4126 1 0.3891409853058919
4127 1 0.4484406987357766
4128 1 0.5856517693601515
4129 1 0.7358623345901623
4130 1 0.4924606373619849
4131 1 0.4271882015110695
4132 1 0.5239375007062782
4133 1 0.46636942534794273
4134 1 0.483969207371043
4135 1 0.34941726536601597
4136 1 0.4591430517793617
4137 1 0.5299933891865823
4138 1 0.49887673085381756
4139 1 0.5862652989860961
4140 1 0.46900436775367543
4141 1 0.6866564855334767
4142 1 0.46411900499718944
4143 1 0.44472378229164133
4144 1 0.521578168682202
4145 1 0.40528268719497496
4146 1 0.6165746654240339
4147 1 0.3787506553182915
4148 1 0.4542892886064645
4149 1 0.3917168551937344
4150 1 0.6806814003725327
4151 1 0.5865694943029373
4152 1 0.4868985210989026
4153 1 0.290952468183067
4154 1 0.6310571196199022
4155 1 0.3723995575775181
4156 1 0.5301971527808871
4157 1 0.42354807224248187
4158 1 0.43594848634023853
4159 1 0.3775964424511671
4160 1 0.4872189969142623
4161 1 0.34538714837101214
4162 1 0.5616590171422051
4163 1 0.3486642286278519
4164 1 0.5547850280557532
4165 1 0.4245536418412599
4166 1 0.6267327720838995
4167 1 0.31244283378063503
4168 1 0.38378186939277575
4169 1 0.5650372062839475
4170 1 0.4956103940383663
4171 1 0.2948540392626016
4172 1 0.5474323647602971
4173 1 0.4351767036742156
4174 1 0.387614542694376
4175 1 0.48146634555339757
4176 1 0.48481182996453837
4177 1 0.36644631223411994
4178 1 0.6070420599659414
4179 1 0.45365687384001474
4180 1 0.4267101987968082
4181 1 0.5982079397253708
4182 1 0.4091923473833534
4183 1 0.5210493018557758
4184 1 0.3939230432897575
4185 1 0.8230128592727401
4186 1 0.587386962006903
4187 1 0.5095987361968606
4188 1 0.2792603649055697
4189 1 0.5207595666890952
4190 1 0.6983122398908188
4191 1 0.5277953411684717
4192 1 0.3398159434939365
4193 1 0.738232665942231
4194 1 0.4992516342533952
4195 1 0.47943047143720235
4196 1 0.5213152999350409
4197 1 0.32583630246852546
4198 1 0.22980554599900535
4199 1 0.6187778377249475
4200 1 0.538420517604882
4201 1 0.5760832751797395
4202 1 0.522518003643182
4203 1 0.5003518875765465
4204 1 0.5529880584594123
4205 1 0.3275559270501946
4206 1 0.47473644155579864
4207 1 0.606938135128965
4208 1 0.4238597073825991
4209 1 0.37438512822812264
4210 1 0.4564448726946931
4211 1 0.32268518777686594
4212 1 0.42996524445438583
4213 1 0.40532013024322905
4214 1 0.3989469869370013
4215 1 0.5985690111188025
4216 1 0.465633644717165
4217 1 0.36496582188239773
4218 1 0.2507744382638974
4219 1 0.693749907940662
4220 1 0.5356322882624605
4221 1 0.46217515953471383
4222 1 0.24486126202908381
4223 1 0.3938332156509778
4224 1 0.3774279763142608
4225 1 0.5385405010595129
4226 1 0.4805137003401379
4227 1 0.6325477873887864
4228 1 0.5382014783684991
4229 1 0.46948381416977153
4230 1 0.615670970023839
4231 1 0.5768448165294419
4232 1 0.4423730397221072
4233 1 0.4996219628133029
4234 1 0.2983924386461135
4235 1 0.48653332507280306
4236 1 0.27412556649964787
4237 1 0.4566259061932669
4238 1 0.47246347877355
4239 1 0.5868744478027975
4240 1 0.4439584707466191
4241 1 0.3683777344111859
4242 1 0.3171762238827468
4243 1 0.42781160972543963
4244 1 0.6940184999461513
4245 1 0.23740629929194643
4246 1 0.6945413640608766
4247 1 0.32795365564295087
4248 1 0.5808147332285909
4249 1 0.45862826930012573
4250 1 0.5505913307710496
4251 1 0.6616361613174995
4252 1 0.3157333922125765
4253 1 0.5142913278199839
4254 1 0.5927014542697645
4255 1 0.6716602952598104
4256 1 0.5147507743795052
4257 1 0.42272626262498564
4258 1 0.42041825095675467
4259 1 0.4518383034416674
4260 1 0.4718672265415306
4261 1 0.6362326904996476
4262 1 0.3680882741901407
4263 1 0.4464984175505276
4264 1 0.5564414518490409
4265 1 0.4445341618164632
4266 1 0.46881761402829303
4267 1 0.5925056800473132
4268 1 0.39968700828128134
4269 1 0.4944333305001193
4270 1 0.23942611749249357
4271 1 0.32184088943849104
4272 1 0.5226833502147493
4273 1 0.6383418106866791
4274 1 0.3922558564292878
4275 1 0.4671706652886479
4276 1 0.510180351145719
4277 1 0.43182237732250267
4278 1 0.46822799406230464
4279 1 0.45571967985654993
4280 1 0.238904078003786
4281 1 0.3922424591298533
4282 1 0.3657204214215703
4283 1 0.43137343791719807
4284 1 0.7251025212566429
4285 1 0.25393942148492216
4286 1 0.6283793609953641
4287 1 0.5337995842349604
4288 1 0.5278552932751458
4289 1 0.6260846870506197
4290 1 0.44642514096678887
4291 1 0.43682135844989783
4292 1 0.38950610773197103
4293 1 0.6093661008197271
4294 1 0.5045617728720639
4295 1 0.44669540464437707
4296 1 0.5933846848417756
4297 1 0.33126733097932703
4298 1 0.43836810892036676
4299 1 0.3978038808850057
4300 1 0.4364905266740598
4301 1 0.33394157413526404
4302 1 0.503411184463256
4303 1 0.3887667007580627
4304 1 0.41803988041046897
4305 1 0.7955255817981186
4306 1 0.5697156113449523
4307 1 0.577449380937416
4308 1 0.6001535972456578
4309 1 0.4817613721055064
4310 1 0.6221698392075009
4311 1 0.52014102855803
4312 1 0.24738370967682768
4313 1 0.5020575822208104
4314 1 0.45560800272572305
4315 1 0.4259619823327665
4316 1 0.4759811538991392
4317 1 0.4878835717263481
4318 1 0.44273112966886313
4319 1 0.48651764124321867
4320 1 0.646008671573396
4321 1 0.4423597205567919
4322 1 0.49781516756150257
4323 1 0.335008375313279
4324 1 0.5410099413503685
4325 1 0.5996312079459646
4326 1 0.43375885329295366
4327 1 0.6088094731437327
4328 1 0.5297515915427129
4329 1 0.6695183195833962
4330 1 0.534720410923023
4331 1 0.5721319212783122
4332 1 0.5559806218490196
4333 1 0.5127324396596005
4334 1 0.5734973677595876
4335 1 0.3012873281128066
4336 1 0.367524864860108
4337 1 0.37917949147902674
4338 1 0.33421551015599565
4339 1 0.5248661837352114
4340 1 0.5668035908012802
4341 1 0.38832544566148924
4342 1 0.36106301601226126
4343 1 0.5721004111904504
4344 1 0.5181406393921222
4345 1 0.38435382472117796
4346 1 0.3545415522417886
4347 1 0.5581539105777107
4348 1 0.4080320848686983
4349 1 0.42098770326497525
4350 1 0.746553613690834
4351 1 0.4716003404247689
4352 1 0.41630622438821446
4353 1 0.5305586251389005
4354 1 0.42171548142246335
4355 1 0.5263253773595103
4356 1 0.3913817275966423
4357 1 0.7038108370691556
4358 1 0.6049491226625018
4359 1 0.37859798225111463
4360 1 0.5234723713658042
4361 1 0.41404124169873363
4362 1 0.40671377581316287
4363 1 0.45083341801729204
4364 1 0.6758518386894727
4365 1 0.5832886656645373
4366 1 0.5287130054413266
4367 1 0.4276451048366443
4368 1 0.4605054541405912
4369 1 0.3805881744399696
4370 1 0.5916662448724709
4371 1 0.6116706770119291
4372 1 0.4118570274134169
4373 1 0.4102690014214199
4374 1 0.5353906891303941
4375 1 0.3870012760988771
4376 1 0.4786732679677914
4377 1 0.470602490814388
4378 1 0.6800046624321301
4379 1 0.4574478891609546
4380 1 0.532269755508461
4381 1 0.4245455344905772
4382 1 0.45954088601398124
4383 1 0.720234858962395
4384 1 0.5458437506403426
4385 1 0.38827634060826693
4386 1 0.6271220440422081
4387 1 0.3628470115751881
4388 1 0.6243822465316179
4389 1 0.34097304404152157
4390 1 0.4453413249112542
4391 1 0.39280164737217704
4392 1 0.5844030649274466
4393 1 0.5295586359479808
4394 1 0.4414061579530188
4395 1 0.6587289043189938
4396 1 0.38833886531508466
4397 1 0.515588621604908
4398 1 0.5957423225364399
4399 1 0.4254164536031308
4400 1 0.9173817604678032
4401 1 0.6358430491704624
4402 1 0.5756572070994315
4403 1 0.338192891246909
4404 1 0.7157855514689421
4405 1 0.5586021377341062
4406 1 0.2340900496946811
4407 1 0.5435963397975911
4408 1 0.570242928537709
4409 1 0.4108561563930252
4410 1 0.42408834642624105
4411 1 0.5864097838664646
4412 1 0.45684525107271484
4413 1 0.4204335106108628
4414 1 0.6981261902951453
4415 1 0.427408348253778
4416 1 0.444345628325542
4417 1 0.6423510853526669
4418 1 0.4068077549728701
4419 1 0.37580429457880565
4420 1 0.49922899854336383
4421 1 0.3262912083786441
4422 1 0.5951460221032608
4423 1 0.4001020106433201
4424 1 0.4246671565605645
4425 1 0.5205181271599386
4426 1 0.3520045980748169
4427 1 0.3875081867896734
4428 1 0.4575583054960148
4429 1 0.3463085035451818
4430 1 0.4585035300900151
4431 1 0.468164778880796
4432 1 0.4172051489016936
4433 1 0.36595838793657887
4434 1 0.6568844531008287
4435 1 0.373109036574034
4436 1 0.4458399304117712
4437 1 0.5992316968197605
4438 1 0.48610335534785515
4439 1 0.4566365834420868
4440 1 0.2778010627133322
4441 1 0.4358329916037635
4442 1 0.3932752172405041
4443 1 0.469138585576169
4444 1 0.6131232100716216
4445 1 0.5056005149648977
4446 1 0.4324130240641352
4447 1 0.4041799778270132
4448 1 0.5155809705901689
4449 1 0.5551298973220349
4450 1 0.5147317221627359
4451 1 0.43141257599343147
4452 1 0.5218409664654466
4453 1 0.3689298395741724
4454 1 0.7029650344249176
4455 1 0.5027003874279773
4456 1 0.41862440833320486
4457 1 0.5130333508391369
4458 1 0.4364308725525691
4459 1 0.5072148462157993
4460 1 0.5445856187356702
4461 1 0.3537687794946876
4462 1 0.7229317763550216
4463 1 0.3701304399482033
4464 1 0.35833529361047933
4465 1 0.391867497960059
4466 1 0.3740319252620979
4467 1 0.4262460060113229
4468 1 0.6798036831302914
4469 1 0.5431219574029632
4470 1 0.5226989415961705
4471 1 0.661629958340986
4472 1 0.35703478968368674
4473 1 0.5297151034362722
4474 1 0.4328525241745462
4475 1 0.5741533017658277
4476 1 0.5762149884399307
4477 1 0.5120460682620726
4478 1 0.36516321327550016
4479 1 0.2832361213656578
4480 1 0.5761102056302222
4481 1 0.5942339503379812
4482 1 0.5318186958188982
4483 1 0.53297820182446
4484 1 0.3215819433852594
4485 1 0.42058155748706594
4486 1 0.4572279657357868
4487 1 0.4411172025985898
4488 1 0.3153089846536482
4489 1 0.49002562026467367
4490 1 0.4036395084661223
4491 1 0.6086180082130264
4492 1 0.577420024994567
4493 1 0.5579434292285259
4494 1 0.34596484386834875
4495 1 0.6743058503298179
4496 1 0.4101734166371967
4497 1 0.4094646588523431
4498 1 0.5623651841641594
4499 1 0.42281156873929654
4500 1 0.44318816884605167
4501 1 0.5359314638839201
4502 1 0.5230328222370413
4503 1 0.4098270522518739
4504 1 0.5883208990808529
4505 1 0.4723109586399403
4506 1 0.2910582382400419
4507 1 0.5620030070305914
4508 1 0.6092996240264215
4509 1 0.5638136829568253
4510 1 0.5645589230486912
4511 1 0.328387926039584
4512 1 0.3987214125222933
4513 1 0.24719626448821547
4514 1 0.4258981827138456
4515 1 0.3784243687523159
4516 1 0.4639551395337712
4517 1 0.45450889405160116
4518 1 0.5160855911657141
4519 1 0.5289770941641858
4520 1 0.35923081542788154
4521 1 0.45346592641604294
4522 1 0.6081694704972319
4523 1 0.32036901470464196
4524 1 0.40569447474924125
4525 1 0.5193804996962887
4526 1 0.25497793521207623
4527 1 0.423616922359658
4528 1 0.37227424999704833
4529 1 0.5147410655693505
4530 1 0.5449348482891266
4531 1 0.3696295541914637
4532 1 0.4784279520346895
4533 1 0.4611899343312886
4534 1 0.4641179869075076
4535 1 0.635895466567301
4536 1 0.5731765948685005
4537 1 0.5056513675177472
4538 1 0.5983882203922163
4539 1 0.3112445331831761
4540 1 0.5113205072524802
4541 1 0.3512753494985811
4542 1 0.3935233236740969
4543 1 0.6693139215579692
4544 1 0.40797614757460393
4545 1 0.3417846726831155
4546 1 0.4613742199780464
4547 1 0.6976118240962549
4548 1 0.3218653294298273
4549 1 0.28921926108930435
4550 1 0.5790496440399857
4551 1 0.4164986258739095
4552 1 0.35330015855553304
4553 1 0.45605513401419145
4554 1 0.328902117715217
4555 1 0.3067415467062868
4556 1 0.5484774632640709
4557 1 0.3279618985816371
4558 1 0.530237051557619
4559 1 0.5166911316175131
4560 1 0.5452045642370493
4561 1 0.17649577332216915
4562 1 0.6195295406077258
4563 1 0.6526836262490957
4564 1 0.48857173041549146
4565 1 0.7150470570482964
4566 1 0.5310134617326675
4567 1 0.4862531162847078
4568 1 0.21166396937968787
4569 1 0.3785338064206277
4570 1 0.4091922555019524
4571 1 0.3405577413877086
4572 1 0.2692618129675204
4573 1 0.4468400630331032
4574 1 0.5500274608214043
4575 1 0.3531288668052321
4576 1 0.6570005092219874
4577 1 0.5836533538452233
4578 1 0.5835755162218185
4579 1 0.5330636271961107
4580 1 0.6170951849616018
4581 1 0.41850728722607616
4582 1 0.5098629900979894
4583 1 0.5365483642563627
4584 1 0.5719462214013611
4585 1 0.629049948193652
4586 1 0.49961020611948304
4587 1 0.5754318255025423
4588 1 0.463228398801787
4589 1 0.4882161058717147
4590 1 0.5853236106068346
4591 1 0.4857709139538038
4592 1 0.4998303770616253
4593 1 0.4799984098573221
4594 1 0.5349972396987154
4595 1 0.3202514449589929
4596 1 0.5930378034242169
4597 1 0.5015218857896161
4598 1 0.5405297522910857
4599 1 0.3911181394962721
4600 1 0.3905165985017476
4601 1 0.38268838234199654
4602 1 0.6898753752468839
4603 1 0.6244739334276491
4604 1 0.5728460956108069
4605 1 0.5444499612709418
4606 1 0.40743679350972584
4607 1 0.48019399401668317
4608 1 0.5460490092087028
4609 1 0.7463953379275403
4610 1 0.5600233282962415
4611 1 0.5875163687816378
4612 1 0.45529762121116996
4613 1 0.45446856598535146
4614 1 0.5555324917539692
4615 1 0.4249282105347271
4616 1 0.526926791280647
4617 1 0.4109067669910797
4618 1 0.5455592276705298
4619 1 0.5231189988192163
4620 1 0.4853921781336743
4621 1 0.6726679052688991
4622 1 0.6464243961356358
4623 1 0.48608392728857436
4624 1 0.43998642962452883
4625 1 0.37166731532308434
4626 1 0.4086040022503851
4627 1 0.6687366395203466
4628 1 0.47455603878462116
4629 1 0.5071536121322637
4630 1 0.5150713239003295
4631 1 0.611262975985449
4632 1 0.40953559041078663
4633 1 0.47054082231411254
4634 1 0.5348818825405021
4635 1 0.4379668015266133
4636 1 0.39125195475934116
4637 1 0.38099046478414006
4638 1 0.39383622965353665
4639 1 0.7950527565500562
4640 1 0.36982868141943376
4641 1 0.7081423605676161
4642 1 0.47175737538714363
4643 1 0.4061281587445649
4644 1 0.4888633460336988
4645 1 0.45548793782866237
4646 1 0.23880445804308043
4647 1 0.7492200892503375
4648 1 0.39059102038036136
4649 1 0.3603948015183591
4650 1 0.5165812224161188
4651 1 0.47635853499912056
4652 1 0.3109377584650434
4653 1 0.5038653392287527
4654 1 0.36846739681897406
4655 1 0.3150716153611556
4656 1 0.37995174161853223
4657 1 0.4328177686342043
4658 1 0.5291393436563802
4659 1 0.4973738772070397
4660 1 0.41327300990418714
4661 1 0.6315352430545409
4662 1 0.5980249016543189
4663 1 0.45248918263962246
4664 1 0.8150809717505818
4665 1 0.3313537377988156
4666 1 0.5637608136658783
4667 1 0.5988120346037012
4668 1 0.4238021164078149
4669 1 0.2604482556948562
4670 1 0.40659311825404615
4671 1 0.3858379202217555
4672 1 0.45836831744145634
4673 1 0.44960089786531376
4674 1 0.2633656555907434
4675 1 0.37295363658919195
4676 1 0.48755402876806114
4677 1 0.6269636428926331
4678 1 0.49553796270815825
4679 1 0.39064065989046604
4680 1 0.3894084429167958
4681 1 0.4568039224205129
4682 1 0.2680590030902951
4683 1 0.43132973931533874
4684 1 0.4120988602756344
4685 1 0.29226445530790124
4686 1 0.36637556434621454
4687 1 0.5151765153193207
4688 1 0.4621299634413199
4689 1 0.42618873167215693
4690 1 0.533560642308792
4691 1 0.2464068417794557
4692 1 0.45897192838383544
4693 1 0.4425748295204465
4694 1 0.4394235598522395
4695 1 0.5044519779325923
4696 1 0.3314322049501896
4697 1 0.7013351224951766
4698 1 0.5605675428358261
4699 1 0.42174875630279396
4700 1 0.3656998978634168
4701 1 0.495252587920916
4702 1 0.24559831974675023
4703 1 0.5608956929690831
4704 1 0.34786341534056053
4705 1 0.3939868205413368
4706 1 0.36755794267849257
4707 1 0.5501225728203955
4708 1 0.4227412375271519
4709 1 0.3610456741524154
4710 1 0.3222660785363191
4711 1 0.46843038266482223
4712 1 0.33409409341214
4713 1 0.32498769711863545
4714 1 0.45327874022463743
4715 1 0.7869276309219125
4716 1 0.6539104833249977
4717 1 0.5428548808013346
4718 1 0.9103031281719021
4719 1 0.36980125546050335
4720 1 0.4010409951181033
4721 1 0.3288193210004591
4722 1 0.508638754719666
4723 1 0.41314147792886025
4724 1 0.4117289249169824
4725 1 0.43379272871729113
4726 1 0.40582160547233914
4727 1 0.6040460300074602
4728 1 0.7324027416773163
4729 1 0.6281690285201461
4730 1 0.5090014591003722
4731 1 0.48821658713202076
4732 1 0.48733834721628133
4733 1 0.36033552437290467
4734 1 0.25397632297199385
4735 1 0.674553005670309
4736 1 0.3663442612452299
4737 1 0.4998704246991437
4738 1 0.3014898185348368
4739 1 0.5855752017193353
4740 1 0.47148512520756936
4741 1 0.43759032960568184
4742 1 0.36066161714570305
4743 1 0.5230712077715177
4744 1 0.32702804735241003
4745 1 0.33852453072497757
4746 1 0.509543706249724
4747 1 0.4076119685969253
4748 1 0.6103933724337203
4749 1 0.420189954224383
4750 1 0.6716715295701037
4751 1 0.356868124163901
4752 1 0.41679835623707107
4753 1 0.584934574606185
4754 1 0.4931645603477838
4755 1 0.47120853405028135
4756 1 0.6923923968701936
4757 1 0.43365658740887486
4758 1 0.5412425237286335
4759 1 0.449193478941491
4760 1 0.7049309780431199
4761 1 0.25311720570971963
4762 1 0.6274653126134879
4763 1 0.4428679742238937
4764 1 0.3797838360227563
4765 1 0.3913575016305806
4766 1 0.6592499392675935
4767 1 0.48206308364572414
4768 1 0.3785531839194361
4769 1 0.40646111753990655
4770 1 0.31050600714246446
4771 1 0.42191701828663475
4772 1 0.49607370172561077
4773 1 0.4623110018957689
4774 1 0.5998752744053659
4775 1 0.3984527514904239
4776 1 0.5583672518228213
4777 1 0.4902651274769596
4778 1 0.40454574261888726
4779 1 0.3408353210180514
4780 1 0.5145039149680364
4781 1 0.34419875526685784
4782 1 0.4681357940881935
4783 1 0.2395508695140692
4784 1 0.4543445680212923
4785 1 0.40745037753757923
4786 1 0.5264670816379579
4787 1 0.4464435397856685
4788 1 0.5227407236846019
4789 1 0.4191780815957686
4790 1 0.43654774429745064
4791 1 0.34955737737181347
4792 1 0.4427521152042226
4793 1 0.5613555649166885
4794 1 0.46006063226365446
4795 1 0.4847493202307906
4796 1 0.37341123027083317
4797 1 0.3305097477527903
4798 1 0.3996854580149469
4799 1 0.422848213074434
4800 1 0.4525891001637346
4801 1 0.41238180204443387
4802 1 0.5484807424982223
4803 1 0.4018895920456414
4804 1 0.661501985672668
4805 1 0.7209556070657753
4806 1 0.5862475509026416
4807 1 0.562516533393145
4808 1 0.474876636480244
4809 1 0.5364142528402024
4810 1 0.40663810121844085
4811 1 0.4988605649862764
4812 1 0.5707170744606378
4813 1 0.5995012900043252
4814 1 0.47267802048719
4815 1 0.451331697273592
4816 1 0.374406195719952
4817 1 0.5556749273008154
4818 1 0.39621463715799893
4819 1 0.38174391395393764
4820 1 0.47942986928517217
4821 1 0.49379097702889485
4822 1 0.39096704964672824
4823 1 0.31840481115225383
4824 1 0.43845686065970624
4825 1 0.5363985974014568
4826 1 0.45159069521852857
4827 1 0.5950462662514
4828 1 0.5558385297865098
4829 1 0.6074422827347508
4830 1 0.8212044397855306
4831 1 0.46243982872764877
4832 1 0.40013642396465554
4833 1 0.33355318092218594
4834 1 0.41674590826142743
4835 1 0.700750517967262
4836 1 0.45973305987210566
4837 1 0.5547611305350552
4838 1 0.32243424738660964
4839 1 0.4049424598835682
4840 1 0.6117674476606662
4841 1 0.4318106286556191
4842 1 0.3285750277174989
4843 1 0.5605732037634779
4844 1 0.4559484434429199
4845 1 0.5627634333215306
4846 1 0.4821739812674515
4847 1 0.5662402260082225
4848 1 0.4551795697043552
4849 1 0.5540732680649055
4850 1 0.4679252380581856
4851 1 0.40524545213531754
4852 1 0.4902936710384935
4853 1 0.558879896079112
4854 1 0.35387105090140414
4855 1 0.5198137586198608
4856 1 0.5112341492799967
4857 1 0.47192149236123365
4858 1 0.33952151541649284
4859 1 0.4614088993613471
4860 1 0.5040968990095979
4861 1 0.49724395913359504
4862 1 0.43738222998953874
4863 1 0.3721489831048422
4864 1 0.5411554069141047
4865 1 0.4274588151314485
4866 1 0.36622851281011687
4867 1 0.42425889223822527
4868 1 0.28232854189045503
4869 1 0.4162829505565154
4870 1 0.5917841987116369
4871 1 0.40640333448541277
4872 1 0.3498747540252782
4873 1 0.6097193226075335
4874 1 0.48797862006343046
4875 1 0.3880487076863953
4876 1 0.5835705232565305
4877 1 0.7071465389910382
4878 1 0.25904729655784164
4879 1 0.47338624591086387
4880 1 0.3399341866982259
4881 1 0.5180752693538527
4882 1 0.46249759572827
4883 1 0.4118926882050139
4884 1 0.3976604246914568
4885 1 0.33551269775865517
4886 1 0.42870906363564376
4887 1 0.5231692374366513
4888 1 0.4591491932160297
4889 1 0.6513489927907316
4890 1 0.5325608805081936
4891 1 0.4433403723704044
4892 1 0.7011928332257353
4893 1 0.281378256280145
4894 1 0.298697246118999
4895 1 0.2931061301561469
4896 1 0.47914089651927694
4897 1 0.42490254940780714
4898 1 0.3817635350419256
4899 1 0.47464037305969276
4900 1 0.3269970976343319
4901 1 0.4668573915858966
4902 1 0.4482162663076333
4903 1 0.6089442190041958
4904 1 0.32011235615691874
4905 1 0.39961637201919514
4906 1 0.4910826822250755
4907 1 0.48680014182049114
4908 1 0.4756728607588069
4909 1 0.6841669540582273
4910 1 0.2899882893299179
4911 1 0.7034487645889121
4912 1 0.6047346875924445
4913 1 0.45467339049284566
4914 1 0.5086126916000838
4915 1 0.47306864567624807
4916 1 0.29146219850330224
4917 1 0.5809939195432687
4918 1 0.4792602263387689
4919 1 0.2302809052414699
4920 1 0.2686426336305461
4921 1 0.3941242819578573
4922 1 0.4503236043829934
4923 1 0.4541196443156483
4924 1 0.3853723048628079
4925 1 0.36034266551243
4926 1 0.40585278020824506
4927 1 0.3459865922262703
4928 1 0.4955697446574139
4929 1 0.4014892508498649
4930 1 0.6802331108722804
4931 1 0.44246294966005023
4932 1 0.698568815058576
4933 1 0.49857117625636865
4934 1 0.6187968029107471
4935 1 0.6003026546854662
4936 1 0.4226250714672807
4937 1 0.3687980037615115
4938 1 0.3588060427290234
4939 1 0.5362476606436463
4940 1 0.2906453874396342
4941 1 0.364178633205779
4942 1 0.43561501287197407
4943 1 0.5221093536456639
4944 1 0.6722444349239854
4945 1 0.4747575929811757
4946 1 0.3261821260834971
4947 1 0.32530069298921777
4948 1 0.6455521382777235
4949 1 0.447444964203349
4950 1 0.5157819900398696
4951 1 0.42296090053161695
4952 1 0.5873413022096547
4953 1 0.3510250901984859
4954 1 0.4288562699242202
4955 1 0.4159129127456858
4956 1 0.47928120146151815
4957 1 0.5698202319551886
4958 1 0.5443476093971541
4959 1 0.5146277441950855
4960 1 0.5138116911562705
4961 1 0.5770534917256881
4962 1 0.3490388089201762
4963 1 0.40909723177289986
4964 1 0.28956640591954375
4965 1 0.30539490680962056
4966 1 0.5283526881844945
4967 1 0.6472030648322304
4968 1 0.5167219725304036
4969 1 0.2866820738248465
4970 1 0.5710824060483798
4971 1 0.6849128343938244
4972 1 0.39520731903151307
4973 1 0.5244563404657275
4974 1 0.4999357735958601
4975 1 0.46464360370781344
4976 1 0.5683538113861828
4977 1 0.6109713724405974
4978 1 0.5307564913602154
4979 1 0.37524263091630794
4980 1 0.38399832696081754
4981 1 0.5195877009282274
4982 1 0.5343239569655788
4983 1 0.17837565332842845
4984 1 0.4736513087268312
4985 1 0.4069573843813192
4986 1 0.348380456657675
4987 1 0.3089811393657712
4988 1 0.6447983745680103
4989 1 0.4303292961346079
4990 1 0.5335830167677476
4991 1 0.5606677007857935
4992 1 0.39633216987956893
4993 1 0.4203330451989188
4994 1 0.43580509005215046
4995 1 0.3115838060536294
4996 1 0.37420866906835915
4997 1 0.4999880809221807
4998 1 0.5575322526176963
4999 1 0.3431692605869156
5000 1 0.4607628904444051
