3001 1 0.4160866129459415
3002 1 0.4320333835067907
3003 1 0.40328092679372807
3004 1 0.5184512376207759
3005 1 0.3970042340868646
3006 1 0.5044480175291967
3007 1 0.5630775566405646
3008 1 0.31957941972649323
3009 1 0.42224299277745186
3010 1 0.41039473105530244
3011 1 0.4795463884116174
3012 1 0.5572200727398915
3013 1 0.6074831359787973
3014 1 0.37606917164171266
3015 1 0.4378065656355531
3016 1 0.48538953646760874
3017 1 0.3536859979507076
3018 1 0.46787464588649735
3019 1 0.578067253834485
3020 1 0.4402140830684692
3021 1 0.3534021139988377
3022 1 0.4669703503508915
3023 1 0.28426328804953593
3024 1 0.7110394986441048
3025 1 0.4055698101935925
3026 1 0.4042475611644667
3027 1 0.4697887100839423
3028 1 0.4248013893956696
3029 1 0.34115309623724316
3030 1 0.3376953087655882
3031 1 0.40971000051381884
3032 1 0.4767806589407939
3033 1 0.49307418223779054
3034 1 0.4942184802568804
3035 1 0.3203050558123243
3036 1 0.3818319689446591
3037 1 0.24737281952307735
3038 1 0.6901313048591607
3039 1 0.41742424402347883
3040 1 0.46379926642100366
3041 1 0.5624815230074598
3042 1 0.4512154903936522
3043 1 0.518564277643673
3044 1 0.37123494442382843
3045 1 0.640765013359495
3046 1 0.31590601381138556
3047 1 0.43908930054822604
3048 1 0.5291704944037406
3049 1 0.4826985358101549
3050 1 0.5282768630682407
3051 1 0.443821395927914
3052 1 0.33798853586046224
3053 1 0.3249521166754849
3054 1 0.2495431415804549
3055 1 0.3692803728128058
3056 1 0.5316665287650427
3057 1 0.3421134940343245
3058 1 0.5132565168961539
3059 1 0.5741483941444031
3060 1 0.2706636891391743
3061 1 0.3916439460169747
3062 1 0.28592292231420513
3063 1 0.39887721971928314
3064 1 0.4424903853198428
3065 1 0.28916945551783524
3066 1 0.35710863106586366
3067 1 0.5137502240279708
3068 1 0.36925093939486353
3069 1 0.5491065566582485
3070 1 0.5567730015677722
3071 1 0.4385468521718841
3072 1 0.45957418356480517
3073 1 0.256993492295677
3074 1 0.4140755311495474
3075 1 0.48326407823591083
3076 1 0.3101987020929519
3077 1 0.662886606026907
3078 1 0.5352304918977971
3079 1 0.4374869431402019
3080 1 0.4537214800276418
3081 1 0.5877883700998248
3082 1 0.45022062805573676
3083 1 0.5415397383128707
3084 1 0.3192788339344401
3085 1 0.536877990858226
3086 1 0.5853568955966238
3087 1 0.577444720200301
3088 1 0.28962788378996673
3089 1 0.410720377311644
3090 1 0.36522338437650465
3091 1 0.36208206543370597
3092 1 0.34672765704591274
3093 1 0.47514004312440306
3094 1 0.5656666286111681
3095 1 0.7845108809964528
3096 1 0.5184478401705457
3097 1 0.5108014583972705
3098 1 0.5017425466121241
3099 1 0.4798644783420715
3100 1 0.2917661802693675
3101 1 0.5102123918812931
3102 1 0.7350666942349707
3103 1 0.5585914526560577
3104 1 0.4683649724391491
3105 1 0.26441913629857156
3106 1 0.5259235078034227
3107 1 0.4467026190016879
3108 1 0.5630640333880863
3109 1 0.42507536809492324
3110 1 0.42281680202499516
3111 1 0.6028695709937367
3112 1 0.4476207249932904
3113 1 0.3651248050837108
3114 1 0.2876947617608513
3115 1 0.45031163452063283
3116 1 0.5137005027327429
3117 1 0.4707039542816244
3118 1 0.5331985958337132
3119 1 0.3943246799724278
3120 1 0.652649394555318
3121 1 0.5415755601045126
3122 1 0.810327360543696
3123 1 0.5080108758312709
3124 1 0.31236539215275594
3125 1 0.7755443999367709
3126 1 0.4900935852572479
3127 1 0.5082049135598286
3128 1 0.5780016498024539
3129 1 0.5056752755433193
3130 1 0.3653707711854751
3131 1 0.5187653114996813
3132 1 0.34183102909717655
3133 1 0.3636192790602572
3134 1 0.48418590674889433
3135 1 0.3830219637455346
3136 1 0.6694990245946395
3137 1 0.5168797066666122
3138 1 0.32477365009625087
3139 1 0.4545372593334292
3140 1 0.4414522767223146
3141 1 0.6507054110137208
3142 1 0.47733169624445704
3143 1 0.4150747428875283
3144 1 0.3622023967881475
3145 1 0.5618540745157461
3146 1 0.47084710447623407
3147 1 0.44903730419253624
3148 1 0.5173014453417024
3149 1 0.4920878637630006
3150 1 0.6458965851347186
3151 1 0.572431639489035
3152 1 0.6454557102565892
3153 1 0.5342937096769227
3154 1 0.4037632718301159
3155 1 0.5395322596091711
3156 1 0.23732538163158026
3157 1 0.6193300612621792
3158 1 0.43314255234417387
3159 1 0.46903031153683455
3160 1 0.46724062192361077
3161 1 0.348186893612344
3162 1 0.5185523273675641
3163 1 0.6246054717955281
3164 1 0.559526888552775
3165 1 0.4751063871952558
3166 1 0.6880060432676322
3167 1 0.3755218207448071
3168 1 0.4852349947850116
3169 1 0.5622024985417575
3170 1 0.37346349217708386
3171 1 0.3924760552614092
3172 1 0.47428422109743096
3173 1 0.639736606072406
3174 1 0.6747465336686389
3175 1 0.4790852007318403
3176 1 0.3311245195636083
3177 1 0.44254122458672884
3178 1 0.4384741387917406
3179 1 0.3570744164013171
3180 1 0.5536743239382862
3181 1 0.42458840434091616
3182 1 0.5207699408123292
3183 1 0.42681548772528227
3184 1 0.5560452860968346
3185 1 0.38915037417211806
3186 1 0.4376717862174874
3187 1 0.2997729454261405
3188 1 0.5034985913546564
3189 1 0.4688172434975308
3190 1 0.42593252638931645
3191 1 0.311329125756887
3192 1 0.7361421847758651
3193 1 0.27474177000484756
3194 1 0.39776294524953215
3195 1 0.49477742178624146
3196 1 0.6288675907778042
3197 1 0.31537982846937396
3198 1 0.5117021275106627
3199 1 0.431325350479159
3200 1 0.4189884023354738
3201 1 0.32632637325319747
3202 1 0.4497027761366772
3203 1 0.3719318674598262
3204 1 0.4656544876261237
3205 1 0.42589690548197107
3206 1 0.47855262246884983
3207 1 0.4005302698399977
3208 1 0.4522722145109799
3209 1 0.5799608000227752
3210 1 0.353907952955238
3211 1 0.30403405790441124
3212 1 0.5127489104452781
3213 1 0.6319755277617322
3214 1 0.5135968391863837
3215 1 0.5263265308263074
3216 1 0.7078714907970225
3217 1 0.4030173044503683
3218 1 0.6923821105423994
3219 1 0.3282820843069445
3220 1 0.34491160251875347
3221 1 0.5945599007216283
3222 1 0.5884906646456284
3223 1 0.527795415651587
3224 1 0.469382532053302
3225 1 0.5346073705310713
3226 1 0.4505972359600873
3227 1 0.3457406671291019
3228 1 0.4395232620857474
3229 1 0.49390358546886365
3230 1 0.16531618210035248
3231 1 0.46552854173945896
3232 1 0.5785415363998587
3233 1 0.5152910000984945
3234 1 0.34550809000986427
3235 1 0.36058989458474683
3236 1 0.593194643235821
3237 1 0.38581455267656334
3238 1 0.527162976158483
3239 1 0.4343928360008144
3240 1 0.858056893519163
3241 1 0.51288227130994
3242 1 0.3275052925294974
3243 1 0.42936284812323344
3244 1 0.4063652601693609
3245 1 0.5077845933195174
3246 1 0.7042062806343411
3247 1 0.5633357650064846
3248 1 0.2905479168262323
3249 1 0.45950494131399566
3250 1 0.46204756845561373
3251 1 0.5773437176031071
3252 1 0.5742357870117307
3253 1 0.4385981641844605
3254 1 0.5430755378146725
3255 1 0.6597049324327507
3256 1 0.3470980708310591
3257 1 0.39419171025286076
3258 1 0.7765020520207666
3259 1 0.6205845304586678
3260 1 0.38372816056864334
3261 1 0.21879633446190605
3262 1 0.6046844331715668
3263 1 0.4524854603950323
3264 1 0.3872552453329571
3265 1 0.4391309798549669
3266 1 0.4256369614920717
3267 1 0.4740442756987766
3268 1 0.4017841857182806
3269 1 0.5026080479776096
3270 1 0.6336629994416069
3271 1 0.4602916683033797
3272 1 0.6141266592543364
3273 1 0.5022590383543003
3274 1 0.5315716438004989
3275 1 0.2901299664169539
3276 1 0.5112668262392437
3277 1 0.4114646467109758
3278 1 0.2656441456369959
3279 1 0.45790285116736407
3280 1 0.6203501073286007
3281 1 0.29022507778328016
3282 1 0.6446850306023348
3283 1 0.46769258301571703
3284 1 0.3161528765707063
3285 1 0.5762338980302991
3286 1 0.6134559440468434
3287 1 0.4345224213715877
3288 1 0.49153199825054233
3289 1 0.46447174462841456
3290 1 0.6611074089375232
3291 1 0.4408390027061832
3292 1 0.31309959652521485
3293 1 0.6673345299875962
3294 1 0.5063303665103558
3295 1 0.37187819403856903
3296 1 0.31848026890107023
3297 1 0.5259460294887804
3298 1 0.5725981504145083
3299 1 0.40857267256429264
3300 1 0.3793036211955578
3301 1 0.44467723093769773
3302 1 0.40340545884561485
3303 1 0.4963039487926233
3304 1 0.6986227487291896
3305 1 0.6564479373499883
3306 1 0.6052740501982994
3307 1 0.3811328753670824
3308 1 0.5762749669471852
3309 1 0.43480651115044905
3310 1 0.6826527754587242
3311 1 0.542189542362675
3312 1 0.5078431613662071
3313 1 0.616638308814258
3314 1 0.3840579360971956
3315 1 0.5114640353984845
3316 1 0.30922620857272987
3317 1 0.7148598926311092
3318 1 0.5549903709530767
3319 1 0.6015628125941416
3320 1 0.4496819192431874
3321 1 0.40918120600890273
3322 1 0.5191810726642238
3323 1 0.4607118742817678
3324 1 0.6358529173726387
3325 1 0.7667819098089934
3326 1 0.6757103498466154
3327 1 0.44586845242315587
3328 1 0.5098860851623032
3329 1 0.45432403215253386
3330 1 0.3405778045371378
3331 1 0.441390914721838
3332 1 0.4868322622454858
3333 1 0.5989923096820066
3334 1 0.4487183692194398
3335 1 0.42641108861662746
3336 1 0.5536689908628749
3337 1 0.3967772091164516
3338 1 0.5017885621911332
3339 1 0.5679637945835407
3340 1 0.49228891596629193
3341 1 0.2916484815918773
3342 1 0.3446348875173048
3343 1 0.49716128396958736
3344 1 0.45914264871907756
3345 1 0.5021143011856097
3346 1 0.4411947966196346
3347 1 0.41597795966352147
3348 1 0.4647747998962274
3349 1 0.37747788168862295
3350 1 0.4839517412848015
3351 1 0.6097935206809273
3352 1 0.5781857582107669
3353 1 0.43603995718119526
3354 1 0.5342628150665961
3355 1 0.3224418549978982
3356 1 0.49910711139995034
3357 1 0.4529688717881644
3358 1 0.6989983397960075
3359 1 0.300040019563012
3360 1 0.5091266973644901
3361 1 0.5168481175351752
3362 1 0.7686829669426426
3363 1 0.33611571893869224
3364 1 0.4241116382098076
3365 1 0.4034360586736243
3366 1 0.5738351500187373
3367 1 0.4575620210844426
3368 1 0.45850442908052336
3369 1 0.44953823888854466
3370 1 0.32792468482169906
3371 1 0.5676221596190196
3372 1 0.3154698348755387
3373 1 0.41556139803285347
3374 1 0.4160724535225123
3375 1 0.43148771692210236
3376 1 0.23735531875625318
3377 1 0.4724206507977213
3378 1 0.37033881410138564
3379 1 0.4047059779827268
3380 1 0.4477320668907861
3381 1 0.4978070706102496
3382 1 0.4842435649179665
3383 1 0.5232202762170599
3384 1 0.5788056725066851
3385 1 0.40598353722175157
3386 1 0.49500848423972765
3387 1 0.4081026537387886
3388 1 0.4857510192514129
3389 1 0.509276067788913
3390 1 0.45627117534142964
3391 1 0.4711658232229093
3392 1 0.3915479421713167
3393 1 0.5454562735788092
3394 1 0.2763760318091528
3395 1 0.45418000194736385
3396 1 0.6052546758496351
3397 1 0.6494448710149676
3398 1 0.19693862161930106
3399 1 0.3345200859417106
3400 1 0.6094914657486368
3401 1 0.34758745476568315
3402 1 0.3271332064527677
3403 1 0.3575855687018912
3404 1 0.32321261550145863
3405 1 0.4350265158862413
3406 1 0.4398619017640471
3407 1 0.3117412323456261
3408 1 0.49570993260936436
3409 1 0.2920816491744496
3410 1 0.5928531265532814
3411 1 0.3951668767428818
3412 1 0.3953602210311319
3413 1 0.38859181578727636
3414 1 0.4633875933395487
3415 1 0.49960557209928086
3416 1 0.3825699241634352
3417 1 0.4109181477764853
3418 1 0.35947840306304896
3419 1 0.6261135980850356
3420 1 0.3900013556269679
3421 1 0.3898869446455227
3422 1 0.35280214149930617
3423 1 0.24632553832528584
3424 1 0.581416996792371
3425 1 0.2686699369579235
3426 1 0.5652788315398034
3427 1 0.4921651390527244
3428 1 0.36703485930582647
3429 1 0.517794428414865
3430 1 0.7308916782276783
3431 1 0.4533017307806128
3432 1 0.5467996335691174
3433 1 0.7314652939851963
3434 1 0.5317999931495042
3435 1 0.25320205726745687
3436 1 0.634679846991378
3437 1 0.5996403302361851
3438 1 0.550555677347363
3439 1 0.5722044098251553
3440 1 0.4020390665829872
3441 1 0.3686042309613943
3442 1 0.4130161797329204
3443 1 0.31097634703224125
3444 1 0.49647749127478347
3445 1 0.286349899652646
3446 1 0.5092244997974686
3447 1 0.6105427029079888
3448 1 0.3398540225813363
3449 1 0.5525037358706111
3450 1 0.6240323859080715
3451 1 0.5903549976229144
3452 1 0.6284712509636582
3453 1 0.501081738950658
3454 1 0.4432383466881115
3455 1 0.5514905022347408
3456 1 0.45240116418530096
3457 1 0.5624139597043958
3458 1 0.37407846180113763
3459 1 0.5004621154038178
3460 1 0.3280642789253467
3461 1 0.44782889573151635
3462 1 0.5268796582176589
3463 1 0.5669692345803801
3464 1 0.4353655158935813
3465 1 0.6546844613383368
3466 1 0.5463190940398229
3467 1 0.3195470438234905
3468 1 0.44350966497860106
3469 1 0.7512857281031919
3470 1 0.5890820833571037
3471 1 0.46780347214918977
3472 1 0.5018589504353853
3473 1 0.5793311507665515
3474 1 0.39128566631028056
3475 1 0.30022928885643047
3476 1 0.38274090706780484
3477 1 0.5593107444174852
3478 1 0.36387271797613785
3479 1 0.4648825020591847
3480 1 0.35799055033678284
3481 1 0.3828196857275751
3482 1 0.533255228742901
3483 1 0.5696537184067919
3484 1 0.4024336336831721
3485 1 0.5147221671428818
3486 1 0.45435259839774167
3487 1 0.44709441172115716
3488 1 0.5220566687501835
3489 1 0.6784269184183557
3490 1 0.5906476210499986
3491 1 0.40121315400159707
3492 1 0.4829314759077171
3493 1 0.4684877979432825
3494 1 0.6125612072875396
3495 1 0.4693970711284127
3496 1 0.5324042721069691
3497 1 0.4697563973551691
3498 1 0.5886177499091149
3499 1 0.45104355584259886
3500 1 0.4042377460270617
3501 1 0.6587682783133445
3502 1 0.6113771776470652
3503 1 0.5368077724581471
3504 1 0.5680314270184289
3505 1 0.745222387251757
3506 1 0.3737108630981509
3507 1 0.5576645775067113
3508 1 0.5201795175464036
3509 1 0.4965262760018421
3510 1 0.5062721377565974
3511 1 0.4117408231432199
3512 1 0.35606633760069384
3513 1 0.4582697821715973
3514 1 0.7523096384211198
3515 1 0.43172217947510305
3516 1 0.5582027705391742
3517 1 0.3813548535166049
3518 1 0.5993281004042116
3519 1 0.4549919954389161
3520 1 0.5060613433832566
3521 1 0.5563738856594431
3522 1 0.3525003128369926
3523 1 0.3588362743987641
3524 1 0.4501340463966579
3525 1 0.41417119514869244
3526 1 0.40749794048320853
3527 1 0.2553070710372984
3528 1 0.9253856196759158
3529 1 0.4829466910116696
3530 1 0.5808534382456778
3531 1 0.4648087535733087
3532 1 0.2595346244896007
3533 1 0.6015737940888914
3534 1 0.5056361652911624
3535 1 0.35691071634023724
3536 1 0.7736218018011319
3537 1 0.4497661756477502
3538 1 0.5173943571034045
3539 1 0.6177891066483394
3540 1 0.3657728638218542
3541 1 0.5337041296742692
3542 1 0.5481479001659503
3543 1 0.47368245198765674
3544 1 0.6412093077520443
3545 1 0.5332981285393801
3546 1 0.3419583780369542
3547 1 0.4771486641705413
3548 1 0.3630882547277856
3549 1 0.38481041313778247
3550 1 0.510341171922329
3551 1 0.5758833417389373
3552 1 0.589522442441966
3553 1 0.4421469470098337
3554 1 0.42222495832085144
3555 1 0.6006932097014389
3556 1 0.42448704411668853
3557 1 0.3776585215773449
3558 1 0.5451459349800274
3559 1 0.49146507554708385
3560 1 0.36667986828371624
3561 1 0.44881825182835605
3562 1 0.6928952756269152
3563 1 0.44908849077928986
3564 1 0.4274437695553371
3565 1 0.30555784501031635
3566 1 0.5624038779250827
3567 1 0.46063793204225634
3568 1 0.5770379722308199
3569 1 0.6697386742092574
3570 1 0.5040193952619307
3571 1 0.519884541343879
3572 1 0.37198600598207265
3573 1 0.551196585152855
3574 1 0.3263045875680448
3575 1 0.42723294861006905
3576 1 0.38340355395213294
3577 1 0.40390832455362247
3578 1 0.4590948789447372
3579 1 0.653556000912771
3580 1 0.5623332560034017
3581 1 0.6689771958360765
3582 1 0.6517436764594303
3583 1 0.5523417885418246
3584 1 0.4904858532530673
3585 1 0.5247296299951616
3586 1 0.5536832921614151
3587 1 0.5911122995508055
3588 1 0.40859784949165073
3589 1 0.5860952604791243
3590 1 0.6707858318264985
3591 1 0.46998699588073245
3592 1 0.5282011396001526
3593 1 0.3610808874785584
3594 1 0.4650125563928393
3595 1 0.3969052954667499
3596 1 0.4806271215700181
3597 1 0.5073647330266124
3598 1 0.43817185561239497
3599 1 0.3710033811501455
3600 1 0.45431586374968513
3601 1 0.40872145453124487
3602 1 0.5486041093131083
3603 1 0.6411752890554605
3604 1 0.41486045748226935
3605 1 0.4844422727813499
3606 1 0.4442848946799681
3607 1 0.45763144633358394
3608 1 0.5598447840442065
3609 1 0.44320967842568326
3610 1 0.6371133036206326
3611 1 0.559583242443547
3612 1 0.46866361394641987
3613 1 0.6544806333835558
3614 1 0.3522608014201211
3615 1 0.5449627495639487
3616 1 0.5724684187926915
3617 1 0.5715447056235955
3618 1 0.4076085081965343
3619 1 0.4565944740022749
3620 1 0.4420679569213513
3621 1 0.35872464738027193
3622 1 0.5039635234486571
3623 1 0.4826612371808523
3624 1 0.41523477527136876
3625 1 0.45351379319900614
3626 1 0.6084170541387022
3627 1 0.30975011774447986
3628 1 0.6164799541655556
3629 1 0.6716297761097607
3630 1 0.6177064993771874
3631 1 0.5174128392231667
3632 1 0.5928394625196751
3633 1 0.5646488206233071
3634 1 0.6419701939376674
3635 1 0.4000724310665978
3636 1 0.3860688353038539
3637 1 0.5177391063215152
3638 1 0.30254640556158197
3639 1 0.7430638190543876
3640 1 0.5923249774324993
3641 1 0.518220862228226
3642 1 0.46143853198966006
3643 1 0.38177610138869317
3644 1 0.505823263463059
3645 1 0.5575435254282867
3646 1 0.5871387916082493
3647 1 0.5277471154404227
3648 1 0.5696710331806701
3649 1 0.5102636864296813
3650 1 0.546712273139048
3651 1 0.6475789832899707
3652 1 0.6789952471663779
3653 1 0.44328822599140627
3654 1 0.3870308461329033
3655 1 0.3643337838283739
3656 1 0.29579733719417395
3657 1 0.5240751261543629
3658 1 0.45201432346606496
3659 1 0.4745154891538398
3660 1 0.6352481002282043
3661 1 0.5871541818417634
3662 1 0.44538696547812456
3663 1 0.3151328341289276
3664 1 0.5576916193062222
3665 1 0.6485280126386125
3666 1 0.3763207745375976
3667 1 0.5248680046766929
3668 1 0.34227435323214883
3669 1 0.5652243845406801
3670 1 0.4753263896112766
3671 1 0.4667583050012708
3672 1 0.4238171853002653
3673 1 0.5028519796793803
3674 1 0.35260301120027504
3675 1 0.3274995705101382
3676 1 0.49485274227312853
3677 1 0.6109568047373984
3678 1 0.4573910404603028
3679 1 0.4578948802086963
3680 1 0.20110351468451848
3681 1 0.5003276104568889
3682 1 0.4565477620832436
3683 1 0.3755100128842108
3684 1 0.31993255048963254
3685 1 0.6708187392998503
3686 1 0.45017320206888484
3687 1 0.36785971637804
3688 1 0.526276351297141
3689 1 0.6127917997105224
3690 1 0.7094658733976672
3691 1 0.322431618149774
3692 1 0.6082557213384536
3693 1 0.3512796525163988
3694 1 0.4921054647782194
3695 1 0.44046467609931633
3696 1 0.5335385815725598
3697 1 0.47646193102047707
3698 1 0.3041148994736388
3699 1 0.41608532114959307
3700 1 0.30686983495578163
3701 1 0.37408051750085075
3702 1 0.3781714285477489
3703 1 0.5421670169735915
3704 1 0.39762330127079903
3705 1 0.5825495144981502
3706 1 0.5081503974684225
3707 1 0.5939941851170276
3708 1 0.4516298086208297
3709 1 0.500283946427532
3710 1 0.3126285996788081
3711 1 0.465965555028547
3712 1 0.5116696802351471
3713 1 0.48619296710290716
3714 1 0.4524149045604757
3715 1 0.34860816980936843
3716 1 0.5899147520750464
3717 1 0.6515047286811112
3718 1 0.41089316165032636
3719 1 0.5394069387954599
3720 1 0.33657856029915934
3721 1 0.5569955170343499
3722 1 0.7777330183740312
3723 1 0.5598801417497592
3724 1 0.5721876531408306
3725 1 0.5593628657403157
3726 1 0.39605174096361856
3727 1 0.5102117885693772
3728 1 0.4182299830949506
3729 1 0.37618350678244916
3730 1 0.24991980741318834
3731 1 0.4818449338176121
3732 1 0.6441326784100534
3733 1 0.47731235657373944
3734 1 0.5668955906555647
3735 1 0.46474397125440076
3736 1 0.501195443561706
3737 1 0.3907837938598564
3738 1 0.3239857598864855
3739 1 0.49731735397295407
3740 1 0.6228171994571976
3741 1 0.36906022850849324
3742 1 0.3753044972693607
3743 1 0.43504054855261504
3744 1 0.31235722406623967
3745 1 0.40300042829781557
3746 1 0.344707344984483
3747 1 0.47864504797482904
3748 1 0.6671123445744054
3749 1 0.30509841798432485
3750 1 0.3242295932352201
3751 1 0.4396307014686887
3752 1 0.46060215233601287
3753 1 0.5923517025832115
3754 1 0.4694340191031764
3755 1 0.2903785474678709
3756 1 0.4032959578053656
3757 1 0.5196001211030343
3758 1 0.5812383516434597
3759 1 0.5062045974008178
3760 1 0.42799173408450514
3761 1 0.5910372567642825
3762 1 0.47901232184391423
3763 1 0.4362411359570148
3764 1 0.5645436893206648
3765 1 0.46446878587859314
3766 1 0.5360261727830856
3767 1 0.6061732085605542
3768 1 0.44725655119555585
3769 1 0.5525265165531755
3770 1 0.42760983226406657
3771 1 0.44251516919093103
3772 1 0.39965367957170944
3773 1 0.45760643497991094
3774 1 0.4103176412550284
3775 1 0.44088554086642673
3776 1 0.5257828032673741
3777 1 0.5222856554432058
3778 1 0.5669185789181298
3779 1 0.5297809060328282
3780 1 0.36355204370169714
3781 1 0.4707976916710635
3782 1 0.2894151427593501
3783 1 0.3961783831112223
3784 1 0.6659059141930198
3785 1 0.6707550243921276
3786 1 0.44614497564804667
3787 1 0.3889400800917533
3788 1 0.4862725598970017
3789 1 0.31740834984598476
3790 1 0.3538473036254471
3791 1 0.3402043477391093
3792 1 0.41436072092183845
3793 1 0.523857504785997
3794 1 0.22093210378759406
3795 1 0.47284464376341095
3796 1 0.38247838479695795
3797 1 0.508916612696218
3798 1 0.3422995969583794
3799 1 0.36184949385028653
3800 1 0.4648201871730557
3801 1 0.5283537718868022
3802 1 0.5149448049642215
3803 1 0.398629003755574
3804 1 0.8311874904573698
3805 1 0.34780964372443346
3806 1 0.42833933295727805
3807 1 0.5843433827050883
3808 1 0.47346545587677147
3809 1 0.40823166039249525
3810 1 0.5786789289086237
3811 1 0.5067365182722211
3812 1 0.5632632550149365
3813 1 0.40502958425053454
3814 1 0.598852628876902
3815 1 0.3694610575811964
3816 1 0.5734554139421686
3817 1 0.18714145722331857
3818 1 0.6218376760937564
3819 1 0.4522667982137689
3820 1 0.5086579066470648
3821 1 0.3652676606541696
3822 1 0.489723219291026
3823 1 0.4847635824227297
3824 1 0.30123566744913016
3825 1 0.3879133135816256
3826 1 0.5017695065342483
3827 1 0.4104606476633516
3828 1 0.32788069271603304
3829 1 0.333827142684472
3830 1 0.5178472221682554
3831 1 0.2703976951195092
3832 1 0.6312816640297387
3833 1 0.540743122889213
3834 1 0.273056848808205
3835 1 0.5083070995567791
3836 1 0.6271218838988969
3837 1 0.3424380350118482
3838 1 0.5268552909564288
3839 1 0.21261860605080893
3840 1 0.5836837049172895
3841 1 0.3726007441166635
3842 1 0.402076014254599
3843 1 0.546905013983577
3844 1 0.3055074890994389
3845 1 0.4791632671295209
3846 1 0.28483613452603734
3847 1 0.6514376181420702
3848 1 0.5308950499099929
3849 1 0.4578020844355653
3850 1 0.368039658331897
3851 1 0.4838503920004049
3852 1 0.49685713594444997
3853 1 0.37631888083964876
3854 1 0.5096430970802798
3855 1 0.4050808219777034
3856 1 0.3920327725659901
3857 1 0.38958791549917543
3858 1 0.44643870728002405
3859 1 0.41038799314740787
3860 1 0.71024984464359
3861 1 0.5950475405703796
3862 1 0.5322625149878192
3863 1 0.4887714292035061
3864 1 0.5654270154934087
3865 1 0.7653490652688263
3866 1 0.3407697206633854
3867 1 0.5627672018429243
3868 1 0.6275059234941432
3869 1 0.3681577494988949
3870 1 0.3501674026930571
3871 1 0.5209300148861524
3872 1 0.35483838782018956
3873 1 0.42757228725131413
3874 1 0.4033290640541306
3875 1 0.41108666786125764
3876 1 0.44816699205608307
3877 1 0.4860504620420016
3878 1 0.430696217437979
3879 1 0.7486793849466877
3880 1 0.7936953163907824
3881 1 0.28317382055632356
3882 1 0.5539272853239479
3883 1 0.3952154476423737
3884 1 0.46039215339383915
3885 1 0.4127369170952319
3886 1 0.547788392588427
3887 1 0.6662179830644899
3888 1 0.3304055656188939
3889 1 0.3886952615387326
3890 1 0.6361606096526317
3891 1 0.39360866113168297
3892 1 0.7420410894078487
3893 1 0.607589334587181
3894 1 0.47419768512203253
3895 1 0.608562041710901
3896 1 0.39678833620321924
3897 1 0.5161809694375589
3898 1 0.46170115880838714
3899 1 0.36225600546669323
3900 1 0.5096759198951548
3901 1 0.5894487031033706
3902 1 0.4713561628931302
3903 1 0.38720816927571555
3904 1 0.41656432169507773
3905 1 0.7397445854007038
3906 1 0.3756290773007635
3907 1 0.4015255997832009
3908 1 0.44009014276918274
3909 1 0.3879943533331433
3910 1 0.5177854875808554
3911 1 0.35190082629003194
3912 1 0.42426858686614116
3913 1 0.4882886284902004
3914 1 0.4284403316662188
3915 1 0.616408485645931
3916 1 0.6085208331991337
3917 1 0.5713657040338972
3918 1 0.5329183993694036
3919 1 0.3015616000127149
3920 1 0.6106932010049323
3921 1 0.4648059804447424
3922 1 0.4351382223041823
3923 1 0.5160137317250635
3924 1 0.4022184713384139
3925 1 0.36048056806775536
3926 1 0.33308966398101497
3927 1 0.5603337634423281
3928 1 0.48867388228807723
3929 1 0.5736745406181174
3930 1 0.5975353847941565
3931 1 0.546615269168756
3932 1 0.39602599209398065
3933 1 0.5208685439355022
3934 1 0.4855865886336826
3935 1 0.41361472989623904
3936 1 0.43945215802066545
3937 1 0.47385142180493256
3938 1 0.8418714834723443
3939 1 0.6671541603654251
3940 1 0.39053236563221494
3941 1 0.505864796716464
3942 1 0.5368261194248632
3943 1 0.4929960275438102
3944 1 0.5644077492524193
3945 1 0.4004254679448971
3946 1 0.5643426904852965
3947 1 0.3781378009039962
3948 1 0.44406722399009835
3949 1 0.3595644252618001
3950 1 0.4258836784484867
3951 1 0.43677228147118197
3952 1 0.48908071135729436
3953 1 0.4358054533336271
3954 1 0.5873029952310741
3955 1 0.33183114068081804
3956 1 0.35973341603610176
3957 1 0.3316867867489103
3958 1 0.5528747526117993
3959 1 0.3938054100930878
3960 1 0.6854275032701633
3961 1 0.6369062321245466
3962 1 0.4572900281358855
3963 1 0.3504839789594793
3964 1 0.4124710676790455
3965 1 0.5773964403794003
3966 1 0.4905611213473896
3967 1 0.40427750035848115
3968 1 0.6500571043500069
3969 1 0.5262705573516874
3970 1 0.5182556058797395
3971 1 0.4176568318980203
3972 1 0.46244726521625357
3973 1 0.7486346660276385
3974 1 0.5205985257187276
3975 1 0.4893822730877283
3976 1 0.560463055520183
3977 1 0.36779646413291067
3978 1 0.5563224208319245
3979 1 0.4152511166243455
3980 1 0.5843488434733718
3981 1 0.45335029733053345
3982 1 0.6491770788956611
3983 1 0.6024111679491194
3984 1 0.41302082033020177
3985 1 0.4222357590184165
3986 1 0.6206121780875741
3987 1 0.388761990778527
3988 1 0.5058415276429324
3989 1 0.5288046605723059
3990 1 0.269557411132396
3991 1 0.5319512576409303
3992 1 0.3003574146428428
3993 1 0.5160924387091691
3994 1 0.5432128642758546
3995 1 0.36719506157338183
3996 1 0.2852107436705188
3997 1 0.46660099013738526
3998 1 0.4168163161446534
3999 1 0.31978228491023253
4000 1 0.4310996561085438
