1001 1 0.39141147012412625
1002 1 0.5226645651012065
1003 1 0.4420208661810111
1004 1 0.8586116071728476
1005 1 0.2181728280658465
1006 1 0.4879006260004404
1007 1 0.36747050012060656
1008 1 0.731218313576559
1009 1 0.43567517680277595
1010 1 0.3623907777145562
1011 1 0.4215115668584891
1012 1 0.3867324897202678
1013 1 0.5787272657352708
1014 1 0.5366321257719623
1015 1 0.4830468881341406
1016 1 0.4566223212237867
1017 1 0.5578100691151539
1018 1 0.3737265039328809
1019 1 0.3305700733558435
1020 1 0.7953951820162303
1021 1 0.4793822068793431
1022 1 0.4591661262952459
1023 1 0.4344757160032745
1024 1 0.2574219141531449
1025 1 0.47374314364009557
1026 1 0.4286493447714416
1027 1 0.8700725270655929
1028 1 0.4885076061867381
1029 1 0.5021414315713917
1030 1 0.3037166619151246
1031 1 0.3626375929185629
1032 1 0.2874582551992581
1033 1 0.5159347544085044
1034 1 0.3818703789421797
1035 1 0.3542503287572149
1036 1 0.5666730109734963
1037 1 0.6548370654582165
1038 1 0.2804977372812493
1039 1 0.412478595535011
1040 1 0.4058885078646172
1041 1 0.4344038777964409
1042 1 0.5419161938504166
1043 1 0.4440198319958061
1044 1 0.463018353108311
1045 1 0.5508941177230282
1046 1 0.2803150800613063
1047 1 0.5419487148313967
1048 1 0.4072741099434851
1049 1 0.6238804627201867
1050 1 0.4230574387550742
1051 1 0.48833880850704603
1052 1 0.3733484023857073
1053 1 0.47227556269770066
1054 1 0.3396224964635375
1055 1 0.27237472547890923
1056 1 0.35620768621600507
1057 1 0.3724579010808786
1058 1 0.5198019129575348
1059 1 0.47140186485485996
1060 1 0.33844209187450286
1061 1 0.42693382155882337
1062 1 0.5525374192020582
1063 1 0.5843486096904986
1064 1 0.4356088472095113
1065 1 0.5852069086270435
1066 1 0.6295370776004274
1067 1 0.5697924713560504
1068 1 0.457904241026777
1069 1 0.3401038173472045
1070 1 0.606415635758754
1071 1 0.32908618432810277
1072 1 0.307621649187588
1073 1 0.25426128725195846
1074 1 0.46868231743300603
1075 1 0.3584548244460731
1076 1 0.5153974933178485
1077 1 0.40503317690425755
1078 1 0.4910326987165942
1079 1 0.6503999614650117
1080 1 0.5177471012950894
1081 1 0.662132816549278
1082 1 0.3124832137385898
1083 1 0.5293333845614432
1084 1 0.6409479312373905
1085 1 0.4772405687692121
1086 1 0.6152646963289885
1087 1 0.37480309589070093
1088 1 0.3645077978304362
1089 1 0.3085342427300902
1090 1 0.34682684142999276
1091 1 0.3102089426843436
1092 1 0.5408446822710893
1093 1 0.3652371708834975
1094 1 0.36452711548968625
1095 1 0.6314594664953206
1096 1 0.33435268256326656
1097 1 0.39072927612088537
1098 1 0.4744531180659759
1099 1 0.3569022586777089
1100 1 0.5234705380609954
1101 1 0.3444189486949663
1102 1 0.2971446147907312
1103 1 0.447717235208144
1104 1 0.5875296113285937
1105 1 0.6362193018334532
1106 1 0.39472824391064937
1107 1 0.329992999926302
1108 1 0.5524934415554221
1109 1 0.32956635527735206
1110 1 0.5259096424637432
1111 1 0.4970302970614609
1112 1 0.6766388022296391
1113 1 0.4424211238518359
1114 1 0.4321255894648577
1115 1 0.5627340378766647
1116 1 0.44869715577971886
1117 1 0.38622796735277287
1118 1 0.6190283405087783
1119 1 0.39627461776095607
1120 1 0.4232272061255809
1121 1 0.4060295023457323
1122 1 0.6272377963655743
1123 1 0.5920329244187545
1124 1 0.31924531717839744
1125 1 0.4749560806771624
1126 1 0.4831348180549131
1127 1 0.6506587944557475
1128 1 0.511873407899356
1129 1 0.7586311551484942
1130 1 0.5627234486737146
1131 1 0.39113251711001984
1132 1 0.5568140816353776
1133 1 0.5559059849565924
1134 1 0.4748653571848379
1135 1 0.495675696987792
1136 1 0.3728518901362035
1137 1 0.5167270814842625
1138 1 0.41508289389209163
1139 1 0.5164159231098943
1140 1 0.4760187197371123
1141 1 0.35636686263055245
1142 1 0.3770423293283088
1143 1 0.577861588765725
1144 1 0.5553798630787818
1145 1 0.39514641071769574
1146 1 0.5936888032239247
1147 1 0.3510119363564258
1148 1 0.6538908727023419
1149 1 0.44018950178196464
1150 1 0.34319341094951794
1151 1 0.61104953911567
1152 1 0.4018027537750297
1153 1 0.43616372576467455
1154 1 0.6360407012742391
1155 1 0.3783335573986488
1156 1 0.4885655177512963
1157 1 0.34910220586104784
1158 1 0.2519296680871791
1159 1 0.35421514488953293
1160 1 0.48739998968503095
1161 1 0.537747583839178
1162 1 0.426772137827245
1163 1 0.4626937446728889
1164 1 0.503610323619596
1165 1 0.5412762654234208
1166 1 0.2541962867427317
1167 1 0.39148977352072684
1168 1 0.547102106020722
1169 1 0.4513704616820996
1170 1 0.3890729633602933
1171 1 0.6769012386953045
1172 1 0.3287965685505672
1173 1 0.5961830540632399
1174 1 0.458523752104245
1175 1 0.4191274347512858
1176 1 0.5389739722948919
1177 1 0.4929732686618248
1178 1 0.34264212648475434
1179 1 0.5431382992040776
1180 1 0.3290415412365821
1181 1 0.48241002073779693
1182 1 0.5795731763411436
1183 1 0.3402160530420839
1184 1 0.45923737806122855
1185 1 0.5245058089717732
1186 1 0.2952131195408655
1187 1 0.29211040867243343
1188 1 0.49645459315379087
1189 1 0.3051593947577601
1190 1 0.5030618561349869
1191 1 0.6793248810043462
1192 1 0.3465930414880648
1193 1 0.6262697251336904
1194 1 0.592892687328773
1195 1 0.3740603981760477
1196 1 0.6939240200453305
1197 1 0.4025239151404164
1198 1 0.4866359975627258
1199 1 0.6578459728105435
1200 1 0.47285612458895915
1201 1 0.486351464852509
1202 1 0.34107396404958074
1203 1 0.3660841571251999
1204 1 0.6997085084500222
1205 1 0.6066090113639181
1206 1 0.3992577116854608
1207 1 0.44704375360733034
1208 1 0.46080963625055177
1209 1 0.26895095617661713
1210 1 0.4970770882481361
1211 1 0.6692810408278916
1212 1 0.3941085413993173
1213 1 0.7594268484893735
1214 1 0.5620150719113166
1215 1 0.6338529070412203
1216 1 0.3481806499212062
1217 1 0.39428477795328815
1218 1 0.7953235715292307
1219 1 0.43396733727940445
1220 1 0.5715574844535167
1221 1 0.5917783363724677
1222 1 0.6847133514104544
1223 1 0.3825509202796306
1224 1 0.4158086719980195
1225 1 0.5464024659260875
1226 1 0.5528639368752616
1227 1 0.5763926224980158
1228 1 0.3567484719225428
1229 1 0.5318255224580494
1230 1 0.6082860047549136
1231 1 0.25472488505561613
1232 1 0.3568083148813354
1233 1 0.5145075665914032
1234 1 0.4709440076023718
1235 1 0.4401868360350901
1236 1 0.3598030077024816
1237 1 0.4586628614679294
1238 1 0.7516369270635005
1239 1 0.48570086129875684
1240 1 0.44261464926678395
1241 1 0.45347519837106165
1242 1 0.35776361886897473
1243 1 0.3656473865026554
1244 1 0.4265177905363261
1245 1 0.5016637771523564
1246 1 0.6630756423414639
1247 1 0.21860962847636503
1248 1 0.5552407355523417
1249 1 0.45241032149616167
1250 1 0.4245542532196538
1251 1 0.6979449421913543
1252 1 0.41344276430506266
1253 1 0.5236474934673155
1254 1 0.4757269075709991
1255 1 0.46527340401278966
1256 1 0.5537888171134507
1257 1 0.6218887551142908
1258 1 0.5258178137585033
1259 1 0.30081549323579376
1260 1 0.28470630824173
1261 1 0.4951193596522797
1262 1 0.4530028696068053
1263 1 0.5458380440553716
1264 1 0.3511223334479276
1265 1 0.47409679436154584
1266 1 0.4510264547644821
1267 1 0.4730207902944341
1268 1 0.38024109665903244
1269 1 0.47334996168069765
1270 1 0.5272688535444274
1271 1 0.5431819476540606
1272 1 0.607730279048225
1273 1 0.5847915199967024
1274 1 0.3214696262479505
1275 1 0.5368753176511774
1276 1 0.46620751029824825
1277 1 0.47271295404362734
1278 1 0.3384045486674816
1279 1 0.3819201219193618
1280 1 0.5593985881903826
1281 1 0.4287119150037734
1282 1 0.6773630009534652
1283 1 0.3585722175859423
1284 1 0.7429065856065706
1285 1 0.43019676520771316
1286 1 0.37050233800482335
1287 1 0.5007451571863987
1288 1 0.43913694115347585
1289 1 0.35049375234099867
1290 1 0.371664669346989
1291 1 0.505600814268133
1292 1 0.27668893819718865
1293 1 0.40392633038213455
1294 1 0.2578733784582933
1295 1 0.29177621274035737
1296 1 0.6428242263796138
1297 1 0.36732284996485776
1298 1 0.21055045732390282
1299 1 0.41093210035802286
1300 1 0.3936739072071672
1301 1 0.4253448452118338
1302 1 0.43092975788184024
1303 1 0.3456961745986546
1304 1 0.5190185904435978
1305 1 0.2676120290190625
1306 1 0.44933888028973645
1307 1 0.47734652029557834
1308 1 0.4218412458924585
1309 1 0.3560749307853228
1310 1 0.43748158334787773
1311 1 0.34902564570676675
1312 1 0.5118144200004002
1313 1 0.4727148313977321
1314 1 0.4308131736831705
1315 1 0.3363842087687948
1316 1 0.3262625570663638
1317 1 0.27279483523950554
1318 1 0.7402674897555547
1319 1 0.5345171749580916
1320 1 0.4497415311211133
1321 1 0.4796986998185215
1322 1 0.5202865083171857
1323 1 0.43459245591660084
1324 1 0.39347200637613217
1325 1 0.4639587065513838
1326 1 0.42326075882490005
1327 1 0.2654555289242751
1328 1 0.5969645053651943
1329 1 0.24049268565210552
1330 1 0.3369141802677353
1331 1 0.5170450724026547
1332 1 0.4768883774607757
1333 1 0.5510766120844733
1334 1 0.32627960324761723
1335 1 0.4298178511474193
1336 1 0.8226059746080921
1337 1 0.5931827010920928
1338 1 0.41229919004147514
1339 1 0.39425500848482237
1340 1 0.34931974881850375
1341 1 0.6365710769538081
1342 1 0.3267933508979115
1343 1 0.39355504855170337
1344 1 0.4341056659082008
1345 1 0.5661230304179785
1346 1 0.37416781068391003
1347 1 0.6575193707161131
1348 1 0.49638386126703615
1349 1 0.5320950542872961
1350 1 0.5109313402638284
1351 1 0.45964486993922643
1352 1 0.3653958277878715
1353 1 0.4365922841986848
1354 1 0.4638730002106005
1355 1 0.48247904030373084
1356 1 0.4318253130195956
1357 1 0.532592407229871
1358 1 0.4321363232053839
1359 1 0.5429636004608506
1360 1 0.30331769095296773
1361 1 0.6600603276091284
1362 1 0.5110998586746748
1363 1 0.3560332707353208
1364 1 0.31931769670916416
1365 1 0.44065799451420673
1366 1 0.5046491260396672
1367 1 0.43421293994152604
1368 1 0.2790014959583767
1369 1 0.34495707591709573
1370 1 0.7566188510829919
1371 1 0.38902769882046195
1372 1 0.5016417982144279
1373 1 0.4822326796826588
1374 1 0.40897292666319657
1375 1 0.4190336263056664
1376 1 0.4071525701726611
1377 1 0.5470372693189908
1378 1 0.330069381695433
1379 1 0.6455811621769271
1380 1 0.3327731973633339
1381 1 0.43170275319519236
1382 1 0.625746876571978
1383 1 0.4853827373625625
1384 1 0.3634613284076559
1385 1 0.7459393592154034
1386 1 0.7162635240920774
1387 1 0.5881255177828665
1388 1 0.4697251960605166
1389 1 0.5096670724187644
1390 1 0.4084426840805131
1391 1 0.7295956758832287
1392 1 0.33189509241611365
1393 1 0.5673507251158902
1394 1 0.5419907546385244
1395 1 0.3082093550126419
1396 1 0.6078812563229522
1397 1 0.4522750050510123
1398 1 0.479139740337293
1399 1 0.5832809532153974
1400 1 0.3045119820100545
1401 1 0.34580533455342205
1402 1 0.5827496802719683
1403 1 0.474657487621481
1404 1 0.49673772071519223
1405 1 0.5894761990772202
1406 1 0.47435671419155306
1407 1 0.4710334447946244
1408 1 0.5419360176811545
1409 1 0.4685924084836019
1410 1 0.46635130600879715
1411 1 0.5490324670473491
1412 1 0.3664018426377764
1413 1 0.5309400716778369
1414 1 0.5076550589968961
1415 1 0.7683416782699086
1416 1 0.4589528136650429
1417 1 0.4005496450585762
1418 1 0.38852188897982903
1419 1 0.5832543260750276
1420 1 0.4244037578247169
1421 1 0.46197335127046674
1422 1 0.5801918018063303
1423 1 0.3820770807246955
1424 1 0.36695702818041764
1425 1 0.30936550214735387
1426 1 0.5229648153172348
1427 1 0.39495422356042714
1428 1 0.5424210498168582
1429 1 0.7339336739296248
1430 1 0.5874805759475972
1431 1 0.5914735282537367
1432 1 0.4818905311391981
1433 1 0.26743604346172317
1434 1 0.5690287857071832
1435 1 0.44691267487052505
1436 1 0.3879087028118596
1437 1 0.27853907717854315
1438 1 0.424109580902071
1439 1 0.4898603069607375
1440 1 0.4911086796793099
1441 1 0.5111650090068659
1442 1 0.2903775307226019
1443 1 0.49987842337644384
1444 1 0.4639212616710377
1445 1 0.5145193280565712
1446 1 0.509304944804408
1447 1 0.5111326309158968
1448 1 0.6080405639759315
1449 1 0.5157270044847224
1450 1 0.5094145625976985
1451 1 0.25136049486327694
1452 1 0.5565785907382509
1453 1 0.6345534295979917
1454 1 0.6304036894510359
1455 1 0.6291683956432707
1456 1 0.5617702618729116
1457 1 0.4740714648037727
1458 1 0.5025531806780827
1459 1 0.394629141983899
1460 1 0.5237199007562562
1461 1 0.4014171647438217
1462 1 0.4834140035074797
1463 1 0.42755867263147534
1464 1 0.49162727930287575
1465 1 0.41613336393203226
1466 1 0.46199606404699517
1467 1 0.39415806112486135
1468 1 0.474455171103224
1469 1 0.5043425819938051
1470 1 0.5025317995821544
1471 1 0.7236368268683553
1472 1 0.3939204852409073
1473 1 0.3628967803466469
1474 1 0.32387159365410545
1475 1 0.30305843000394633
1476 1 0.5540582727197536
1477 1 0.66806333191557
1478 1 0.5356490088321617
1479 1 0.5014162900977328
1480 1 0.35021804879943086
1481 1 0.30315624444437816
1482 1 0.5013800988824922
1483 1 0.5518695502618342
1484 1 0.6796447725668211
1485 1 0.3753801104824038
1486 1 0.5491512507847405
1487 1 0.4827393188547549
1488 1 0.6307058861661741
1489 1 0.40173953968750414
1490 1 0.603945764464913
1491 1 0.5330830361699994
1492 1 0.5480163656336025
1493 1 0.4568989864687744
1494 1 0.4528747540352954
1495 1 0.40321017793046426
1496 1 0.47474622487542967
1497 1 0.4088276014851729
1498 1 0.3167831976643664
1499 1 0.3937565881706034
1500 1 0.4641491399219175
1501 1 0.552182068061796
1502 1 0.49029013805298194
1503 1 0.38792372492664656
1504 1 0.37667409681368424
1505 1 0.4088277004840544
1506 1 0.4065240525694748
1507 1 0.4768593028561139
1508 1 0.4450499197200396
1509 1 0.40234582714524203
1510 1 0.45088401216605817
1511 1 0.5582108182875481
1512 1 0.40841619219863384
1513 1 0.586094682987846
1514 1 0.5681223101268438
1515 1 0.531368454006927
1516 1 0.5364898278692808
1517 1 0.3278259051981903
1518 1 0.4588979782755536
1519 1 0.6149213182407726
1520 1 0.5524097231928431
1521 1 0.4289540237210821
1522 1 0.6388852743584328
1523 1 0.5931806838531355
1524 1 0.4731086282283615
1525 1 0.6162803777323029
1526 1 0.5490700016474912
1527 1 0.311388206842115
1528 1 0.8288705494880839
1529 1 0.4854391715095173
1530 1 0.5213617344173186
1531 1 0.3030984274632272
1532 1 0.3918056766843827
1533 1 0.455417540898448
1534 1 0.4856467192177702
1535 1 0.45704475398503014
1536 1 0.5203728255882252
1537 1 0.6357332914527777
1538 1 0.6986888310031875
1539 1 0.40695278376055327
1540 1 0.5494904209525864
1541 1 0.40483627810670775
1542 1 0.5078486391637218
1543 1 0.6557946541439135
1544 1 0.3856838459467384
1545 1 0.49209206617391343
1546 1 0.3714248458549588
1547 1 0.5042957395349094
1548 1 0.5157937456924283
1549 1 0.5574863914352918
1550 1 0.37291889375487075
1551 1 0.6750404676743117
1552 1 0.5481206552019128
1553 1 0.5016291950676502
1554 1 0.6737493604561543
1555 1 0.5642357465976221
1556 1 0.6934615523262282
1557 1 0.5179969240168394
1558 1 0.625348783656484
1559 1 0.37012680341653115
1560 1 0.30436403247198746
1561 1 0.5444458941712412
1562 1 0.377961405037087
1563 1 0.3721320786932558
1564 1 0.7080131181539585
1565 1 0.46977424952518576
1566 1 0.48564675976104804
1567 1 0.4979760954693746
1568 1 0.46399434019111097
1569 1 0.5592570528071111
1570 1 0.4387630686023229
1571 1 0.45942354550392606
1572 1 0.4515388167204076
1573 1 0.30712754849864127
1574 1 0.22925187357999477
1575 1 0.5487756907712262
1576 1 0.41611348370185175
1577 1 0.5216193665045681
1578 1 0.41365382613750384
1579 1 0.44948674129425453
1580 1 0.31161595522533686
1581 1 0.5235799176427581
1582 1 0.5945024756236811
1583 1 0.4349608721940273
1584 1 0.29355164175648496
1585 1 0.706035073369061
1586 1 0.4716345347254128
1587 1 0.5259264634821831
1588 1 0.5409173700414835
1589 1 0.24941677754181127
1590 1 0.5310118658617357
1591 1 0.3523838294297551
1592 1 0.6940098094365668
1593 1 0.4148999435110354
1594 1 0.5406588807196112
1595 1 0.7334163267058346
1596 1 0.5360343175796239
1597 1 0.4744703441349585
1598 1 0.7288744540719799
1599 1 0.3941302511514974
1600 1 0.6480561868297972
1601 1 0.4364395604524107
1602 1 0.5310397531652071
1603 1 0.4249925580151187
1604 1 0.6071281423601248
1605 1 0.4110078769172433
1606 1 0.31279643237313104
1607 1 0.43759095524539765
1608 1 0.6412389041998314
1609 1 0.41649278501898707
1610 1 0.5244469038860211
1611 1 0.40923943165205856
1612 1 0.42593494186448794
1613 1 0.6134205896627818
1614 1 0.580665492197327
1615 1 0.4215248393779461
1616 1 0.4060211144213325
1617 1 0.4264743678422801
1618 1 0.5494172897236158
1619 1 0.6023476630597937
1620 1 0.5951756271711077
1621 1 0.5304686470444915
1622 1 0.25136852842941193
1623 1 0.4075551069002813
1624 1 0.6772009571169155
1625 1 0.5423814676230225
1626 1 0.4061430193716277
1627 1 0.4548383679176051
1628 1 0.2846644033108575
1629 1 0.2769218019400019
1630 1 0.3206440175170748
1631 1 0.5346256672009252
1632 1 0.4519758432031954
1633 1 0.27254464319960103
1634 1 0.4088380206330614
1635 1 0.6611554580861534
1636 1 0.5839446272444242
1637 1 0.5336857775144285
1638 1 0.4041535872506064
1639 1 0.5155598363390087
1640 1 0.500308902765717
1641 1 0.2762759041480193
1642 1 0.3756401647668897
1643 1 0.25093198278515344
1644 1 0.4108931844130835
1645 1 0.37634500292887485
1646 1 0.5183767688195129
1647 1 0.5117146532350694
1648 1 0.35480388253837003
1649 1 0.4550112998253831
1650 1 0.49241547643421674
1651 1 0.3616758786512007
1652 1 0.5747462580376166
1653 1 0.42873850311662515
1654 1 0.4870625054637867
1655 1 0.29428391613184457
1656 1 0.5051046816439497
1657 1 0.643122886141904
1658 1 0.4547357716506263
1659 1 0.6188076859601976
1660 1 0.4931483591037286
1661 1 0.6912040949356922
1662 1 0.6558718655476597
1663 1 0.3927603641136841
1664 1 0.5249655491010037
1665 1 0.5479147442110213
1666 1 0.523532528165945
1667 1 0.3663763387808143
1668 1 0.3957461805271996
1669 1 0.38508975897090963
1670 1 0.3597657735127384
1671 1 0.46065641586230555
1672 1 0.4312553765908963
1673 1 0.5866064021430192
1674 1 0.3691270985953182
1675 1 0.44290366174558404
1676 1 0.5450119861455743
1677 1 0.4383039696526407
1678 1 0.46182387646951056
1679 1 0.5647411953447448
1680 1 0.48433012838792855
1681 1 0.40329211971719026
1682 1 0.82962762240445
1683 1 0.5379792804074539
1684 1 0.46251201221136956
1685 1 0.19841490449879085
1686 1 0.8411627749430918
1687 1 0.3855420280258524
1688 1 0.49816621896589636
1689 1 0.40991282817261915
1690 1 0.666310839257122
1691 1 0.4531621277142121
1692 1 0.3663653407840539
1693 1 0.6832547442270065
1694 1 0.6107284817626125
1695 1 0.7299608225482829
1696 1 0.5322716402963786
1697 1 0.5617039545547248
1698 1 0.5606585771907013
1699 1 0.45419274051079817
1700 1 0.6414493467587477
1701 1 0.7188061883500383
1702 1 0.3575659320740708
1703 1 0.45901463548112054
1704 1 0.6489556155508664
1705 1 0.5757551168086577
1706 1 0.28676405622075274
1707 1 0.35124465426997203
1708 1 0.658637645354887
1709 1 0.5342340000654451
1710 1 0.5273752190577287
1711 1 0.6882992169286805
1712 1 0.50683466251561
1713 1 0.5299908964472059
1714 1 0.6363297887633754
1715 1 0.7094874301108361
1716 1 0.505817839811118
1717 1 0.37908314835361806
1718 1 0.44940402103968996
1719 1 0.3170816931710235
1720 1 0.3413187734685014
1721 1 0.6204605006900156
1722 1 0.3363106282950001
1723 1 0.535210568461874
1724 1 0.397649136367395
1725 1 0.38237838028141746
1726 1 0.39122202264326567
1727 1 0.38560017876411634
1728 1 0.4368066538406435
1729 1 0.4349710805458685
1730 1 0.4331743628424346
1731 1 0.5163820599829814
1732 1 0.3848442126159671
1733 1 0.45070004286494725
1734 1 0.6074856658081556
1735 1 0.4825935870181652
1736 1 0.7577088798686242
1737 1 0.44458778839415436
1738 1 0.5830430209697393
1739 1 0.33109883931175454
1740 1 0.40022507659966955
1741 1 0.2957330116725278
1742 1 0.4301672963605346
1743 1 0.4585062869406399
1744 1 0.42471048150787843
1745 1 0.3338677270327417
1746 1 0.42118516636010356
1747 1 0.5932777931225971
1748 1 0.5718509146601953
1749 1 0.5182616935003467
1750 1 0.4733510014523341
1751 1 0.49162433540749967
1752 1 0.43655100066340086
1753 1 0.6888923894532517
1754 1 0.4568123009735635
1755 1 0.7053401583588376
1756 1 0.33905257071105893
1757 1 0.5430992650430596
1758 1 0.4365447157699594
1759 1 0.4203451111868076
1760 1 0.35510641473726917
1761 1 0.5973173580193737
1762 1 0.522849923062303
1763 1 0.5142559928508272
1764 1 0.5872874227636984
1765 1 0.46727321319630116
1766 1 0.4837904564221022
1767 1 0.5661078406469845
1768 1 0.35442888385681737
1769 1 0.3469112048471928
1770 1 0.455644145766165
1771 1 0.4426863676758765
1772 1 0.5543577025934331
1773 1 0.31836237077595997
1774 1 0.5824705081712679
1775 1 0.2930863631729893
1776 1 0.2882454307480795
1777 1 0.4107258600782145
1778 1 0.49371657001790703
1779 1 0.6246988990737059
1780 1 0.6464544096150578
1781 1 0.5252089864673931
1782 1 0.5639550775589688
1783 1 0.40098669234022377
1784 1 0.6047822809059908
1785 1 0.4497557391674786
1786 1 0.4850934551707933
1787 1 0.5884347419423692
1788 1 0.7051381326423809
1789 1 0.42760187398505856
1790 1 0.524940931067211
1791 1 0.4838365856040084
1792 1 0.5269476038348695
1793 1 0.5574841835269403
1794 1 0.42034684725892457
1795 1 0.5087245559074672
1796 1 0.37675415362796527
1797 1 0.531743265656909
1798 1 0.424955097239066
1799 1 0.6371793525083749
1800 1 0.6193599449662068
1801 1 0.4956532248480068
1802 1 0.5999772506738913
1803 1 0.44170269835368714
1804 1 0.44335986526466026
1805 1 0.36291808565458833
1806 1 0.3104650646267598
1807 1 0.5757927597263085
1808 1 0.5516331629839418
1809 1 0.5349659703134992
1810 1 0.5784416230276099
1811 1 0.5440691285356148
1812 1 0.4959759500244515
1813 1 0.36431129438256665
1814 1 0.5061253952245972
1815 1 0.5735577467173835
1816 1 0.3638204481088534
1817 1 0.5204895524132956
1818 1 0.3946976299794842
1819 1 0.45067660584523705
1820 1 0.5389185817023827
1821 1 0.4788101564930347
1822 1 0.5113713855073426
1823 1 0.49748255511066997
1824 1 0.6284129048637351
1825 1 0.4144564169364651
1826 1 0.39124299514309147
1827 1 0.5560061685163089
1828 1 0.5007103383663829
1829 1 0.46483243078162445
1830 1 0.5484007795028785
1831 1 0.49694511575348854
1832 1 0.5655216687444209
1833 1 0.6051529929003893
1834 1 0.4878150632614161
1835 1 0.42504290392198185
1836 1 0.41942436658702015
1837 1 0.34755152145366636
1838 1 0.503967999447612
1839 1 0.29310819862778326
1840 1 0.4130746879795933
1841 1 0.5065731879774332
1842 1 0.3549419247149377
1843 1 0.5030789091964715
1844 1 0.4825098157358007
1845 1 0.4540019980307229
1846 1 0.4371609924138614
1847 1 0.4837820656902516
1848 1 0.4943213581388375
1849 1 0.5373669873778423
1850 1 0.31369058427324614
1851 1 0.41686302341096143
1852 1 0.5049577319669061
1853 1 0.4089294683026651
1854 1 0.5640788126507482
1855 1 0.4323115247854275
1856 1 0.48294471190395494
1857 1 0.5257326511800491
1858 1 0.6535465738230387
1859 1 0.63853968924496
1860 1 0.4382584696296491
1861 1 0.5565514193083312
1862 1 0.5567804869561042
1863 1 0.3758918979653898
1864 1 0.29587212256515255
1865 1 0.4515743359268648
1866 1 0.4687995784118069
1867 1 0.6473710133305971
1868 1 0.4286981452755818
1869 1 0.5154941190599547
1870 1 0.6650330526014149
1871 1 0.526690623603389
1872 1 0.5062945667565425
1873 1 0.3593773475724306
1874 1 0.46459810475244384
1875 1 0.4311646900435678
1876 1 0.503618496543363
1877 1 0.546015676821766
1878 1 0.562128470971563
1879 1 0.33024255387089974
1880 1 0.39871622030709325
1881 1 0.4690866667192975
1882 1 0.44053322527887273
1883 1 0.38167965761683803
1884 1 0.42809156095300477
1885 1 0.5568753145326666
1886 1 0.5633348066509167
1887 1 0.6227155316523685
1888 1 0.4101044036615226
1889 1 0.4747018406493106
1890 1 0.41802640831158666
1891 1 0.44868582311638966
1892 1 0.42180349697707054
1893 1 0.47302648770576355
1894 1 0.38015833476720695
1895 1 0.3450337005900194
1896 1 0.5482604282574727
1897 1 0.429978487515382
1898 1 0.5999583818772303
1899 1 0.3786066689119875
1900 1 0.3742068295159842
1901 1 0.5904036418060943
1902 1 0.5504214092016461
1903 1 0.4950212403332529
1904 1 0.4896083333363823
1905 1 0.4777929279867106
1906 1 0.4349839507695116
1907 1 0.4174476380483345
1908 1 0.5093446067667473
1909 1 0.42970734008396594
1910 1 0.37074916841914946
1911 1 0.423632573699262
1912 1 0.5745374581800177
1913 1 0.4957804852542354
1914 1 0.2502483384898179
1915 1 0.5845690116476051
1916 1 0.35527977622453644
1917 1 0.3711221372875291
1918 1 0.7744051228124897
1919 1 0.419034902983959
1920 1 0.5544849482506605
1921 1 0.4630596438401585
1922 1 0.6326495999288995
1923 1 0.6701444335079757
1924 1 0.43866284268041694
1925 1 0.4496876895032477
1926 1 0.4317987280305271
1927 1 0.5800838332782559
1928 1 0.8265760626276326
1929 1 0.6059232345923438
1930 1 0.4444356842772793
1931 1 0.3452097476476625
1932 1 0.5287128462338324
1933 1 0.4395610483547275
1934 1 0.40353707595391686
1935 1 0.3132359482606239
1936 1 0.37559974843070126
1937 1 0.5101989786861522
1938 1 0.4796597050013538
1939 1 0.4804223546482132
1940 1 0.4753175223377459
1941 1 0.3523950329108133
1942 1 0.4232343980628282
1943 1 0.5942439633545246
1944 1 0.4684188526627561
1945 1 0.4609895089144182
1946 1 0.4923822141676432
1947 1 0.3918745445161769
1948 1 0.4353077745027093
1949 1 0.5697373701154842
1950 1 0.35747705467165897
1951 1 0.5555609501166255
1952 1 0.4463100616012032
1953 1 0.5611569909014801
1954 1 0.45541345379071907
1955 1 0.4754360868040161
1956 1 0.4286439405739474
1957 1 0.33351232021796545
1958 1 0.35759818794208315
1959 1 0.499263291144322
1960 1 0.4504262314001242
1961 1 0.4704279157439746
1962 1 0.3313599312326328
1963 1 0.49407977280677506
1964 1 0.3450609281294103
1965 1 0.39306593433004855
1966 1 0.3601535407038655
1967 1 0.5451098296490516
1968 1 0.46637986424024924
1969 1 0.3428232541317784
1970 1 0.4429773542801551
1971 1 0.5804887605566854
1972 1 0.332332370554559
1973 1 0.433199977797995
1974 1 0.47338268842276665
1975 1 0.5394144119390892
1976 1 0.49614423958193904
1977 1 0.5888774835774656
1978 1 0.18997878915420527
1979 1 0.43557289536568417
1980 1 0.5581110260838146
1981 1 0.41218207759394776
1982 1 0.5924572042979912
1983 1 0.6739911475819693
1984 1 0.3052149254460104
1985 1 0.6254165792530225
1986 1 0.3382364091702078
1987 1 0.2699542460463933
1988 1 0.40743203817602275
1989 1 0.6362097119643059
1990 1 0.5471761222688503
1991 1 0.5612692505717243
1992 1 0.6990450802113217
1993 1 0.5445333973199751
1994 1 0.4051392809424143
1995 1 0.3175830413267458
1996 1 0.3605875669577373
1997 1 0.516659931772718
1998 1 0.49585428905875134
1999 1 0.5675216794185328
2000 1 0.5860080903889361
