1 1 0.2994338939225112
2 1 0.30385972975784886
3 1 0.5869323066452781
4 1 0.5013741772705274
5 1 0.2735010170895441
6 1 0.31346276946020635
7 1 0.39433254846573745
8 1 0.44875738532314646
9 1 0.5896851718368729
10 1 0.5947720458609614
11 1 0.4480658601052715
12 1 0.7461335787692268
13 1 0.43528357928679945
14 1 0.3401271962276434
15 1 0.3516633402444983
16 1 0.6171082617108037
17 1 0.450286693840905
18 1 0.5456273598843538
19 1 0.41130686134208805
20 1 0.36257213377998204
21 1 0.5085936758142703
22 1 0.4922269772785485
23 1 0.5087992223769799
24 1 0.4399433302090828
25 1 0.503047409376234
26 1 0.5356995348112813
27 1 0.6365082742434743
28 1 0.4395494118804253
29 1 0.6034800324451879
30 1 0.39698231164064224
31 1 0.38235757961602346
32 1 0.49812835896509067
33 1 0.30023009703315995
34 1 0.45977010498729753
35 1 0.48281938438135935
36 1 0.42189029084251223
37 1 0.7258515335999894
38 1 0.5830090177602658
39 1 0.4371635407091272
40 1 0.5509663695345618
41 1 0.49591476183548466
42 1 0.5486835996813862
43 1 0.20682309613531033
44 1 0.5714328483677902
45 1 0.5325946788264924
46 1 0.5184269988168883
47 1 0.5213506284852847
48 1 0.39223302551576383
49 1 0.41993439643455943
50 1 0.5659767214459844
51 1 0.3593933637224514
52 1 0.6096935721562332
53 1 0.46920737019934405
54 1 0.44132894082892715
55 1 0.5821680114675075
56 1 0.4908674250201189
57 1 0.397467412842268
58 1 0.4455202249450502
59 1 0.3658905644632418
60 1 0.6929513572081558
61 1 0.3548434757511199
62 1 0.5421166684569855
63 1 0.5499788352622984
64 1 0.4161362148256632
65 1 0.5181986465418077
66 1 0.4884330213310016
67 1 0.39393196837304634
68 1 0.41558821350966535
69 1 0.6447340230280187
70 1 0.6001679903860575
71 1 0.6141818740714383
72 1 0.48134917984339104
73 1 0.41130885521198457
74 1 0.4705922584080988
75 1 0.5879991005212855
76 1 0.5024165846153851
77 1 0.2537924679855279
78 1 0.5089927754578382
79 1 0.3094391551930887
80 1 0.5689425236888811
81 1 0.28691949199070504
82 1 0.7264949847185113
83 1 0.5017558182484864
84 1 0.33006643051122975
85 1 0.5291428580573593
86 1 0.7069065405539736
87 1 0.5633066906786136
88 1 0.43926745695029623
89 1 0.17992399845722132
90 1 0.3603360063581392
91 1 0.4391103914618384
92 1 0.40140596081462576
93 1 0.4997903310453109
94 1 0.5533380284812699
95 1 0.4680813906243261
96 1 0.6817400187809327
97 1 0.5940764875359458
98 1 0.6773302945225766
99 1 0.531610867813719
100 1 0.5291981041122926
101 1 0.5180193660918596
102 1 0.4149555535328321
103 1 0.4866071545002489
104 1 0.40762515785504116
105 1 0.46071696376799953
106 1 0.5528996823780571
107 1 0.3496672457663199
108 1 0.5697023286896759
109 1 0.42343012921134193
110 1 0.36159459724803983
111 1 0.6598383266441268
112 1 0.7096468307655606
113 1 0.55552366917558
114 1 0.29850311093368054
115 1 0.67080539870301
116 1 0.3362220353413781
117 1 0.4977658566285668
118 1 0.5283913705442688
119 1 0.6916658572333945
120 1 0.5233557514479268
121 1 0.5558895965755223
122 1 0.112239261607014
123 1 0.5105561579644595
124 1 0.6352489483419077
125 1 0.6007026529373077
126 1 0.3720729347369502
127 1 0.5611301021805218
128 1 0.6383151566580497
129 1 0.44552738153214433
130 1 0.43457210837110394
131 1 0.42510817105993615
132 1 0.29252012832182556
133 1 0.5999484489455232
134 1 0.45007612327278407
135 1 0.4870976918357673
136 1 0.3947461872766799
137 1 0.6460493253302808
138 1 0.39920681405523484
139 1 0.4772885959854578
140 1 0.5068333048825672
141 1 0.370098106486473
142 1 0.4090241503267512
143 1 0.34678311931408673
144 1 0.5567372554323119
145 1 0.3324591716328659
146 1 0.6659449247609082
147 1 0.6642105076691006
148 1 0.2159052617836688
149 1 0.21504144055217578
150 1 0.6421578602953956
151 1 0.46985116714833436
152 1 0.3561836235433985
153 1 0.6418958238716757
154 1 0.5141292939347265
155 1 0.5153887619222928
156 1 0.38311847103431285
157 1 0.3432247250166948
158 1 0.42139357665427013
159 1 0.39812178732944875
160 1 0.3490560297828536
161 1 0.7534015657814932
162 1 0.42303105686462966
163 1 0.31230048457937165
164 1 0.45829882903126573
165 1 0.6350932017489461
166 1 0.45022449842300416
167 1 0.5039325686560789
168 1 0.42418032235788283
169 1 0.6635427312429423
170 1 0.4344945551701278
171 1 0.401637335356451
172 1 0.39659987044698747
173 1 0.5276798362829968
174 1 0.4085026422238652
175 1 0.41761583772785993
176 1 0.42997508215684016
177 1 0.45695262258916164
178 1 0.5247361302319297
179 1 0.5647961432826896
180 1 0.5296269736988249
181 1 0.6384922267085279
182 1 0.6950038690544876
183 1 0.43161497094895956
184 1 0.6679320656463342
185 1 0.5974037713895802
186 1 0.46869536596271594
187 1 0.6231240139409576
188 1 0.4244734614991507
189 1 0.5024517596257579
190 1 0.5337809873260544
191 1 0.6696563354384664
192 1 0.5485696208364511
193 1 0.4067358681299197
194 1 0.5109691454204928
195 1 0.533795971625931
196 1 0.4012930650261528
197 1 0.2750443528433023
198 1 0.29697242901897775
199 1 0.5202983335233455
200 1 0.3618532337963141
201 1 0.3916847989315083
202 1 0.32320977204164053
203 1 0.38537637447998757
204 1 0.4870078080479748
205 1 0.15426827479889088
206 1 0.44670956944545803
207 1 0.6025744546559295
208 1 0.5623032279199641
209 1 0.3795632775997039
210 1 0.5184828035149569
211 1 0.5708462234903152
212 1 0.4904236220500562
213 1 0.4071635991304616
214 1 0.32013535816676547
215 1 0.41205417428152297
216 1 0.5615108334258493
217 1 0.5483805433064098
218 1 0.2586228349719642
219 1 0.41182471434195034
220 1 0.49385908158998926
221 1 0.42790539637048003
222 1 0.37220294637890233
223 1 0.34604652485213666
224 1 0.3526723253112766
225 1 0.2415762897517072
226 1 0.5462996173444253
227 1 0.5395279443334703
228 1 0.39368774183623645
229 1 0.5053292632755728
230 1 0.4614038593416048
231 1 0.2172172357279836
232 1 0.45615578997690476
233 1 0.3751632431979155
234 1 0.5865589729533012
235 1 0.5716619072768784
236 1 0.727817273131029
237 1 0.32649606106608886
238 1 0.46872387608527205
239 1 0.5174282239076822
240 1 0.49000299215980214
241 1 0.5161781570442252
242 1 0.5352620130572954
243 1 0.36976075932945035
244 1 0.3831236823744468
245 1 0.7466864226739665
246 1 0.5375328546458296
247 1 0.5254847433505232
248 1 0.3991705221408259
249 1 0.49999553699703747
250 1 0.7418034101227198
251 1 0.5029612185986396
252 1 0.5251928958210765
253 1 0.5083153959820133
254 1 0.41459181842232573
255 1 0.38691947725488435
256 1 0.4857412657065752
257 1 0.6549353877177009
258 1 0.3222767440281158
259 1 0.4271050830598323
260 1 0.5351059320613754
261 1 0.589602866834573
262 1 0.3250083167100535
263 1 0.6848770663918823
264 1 0.4135276619287153
265 1 0.4523187096631886
266 1 0.5329343034191066
267 1 0.5223817921748608
268 1 0.5502439710060797
269 1 0.30230444482196495
270 1 0.5518301036296407
271 1 0.7888111605612802
272 1 0.6101805484449143
273 1 0.4670694675670444
274 1 0.4949298361198219
275 1 0.5391963147144301
276 1 0.32888956748822473
277 1 0.4331865377409554
278 1 0.46585448725949435
279 1 0.601133725212706
280 1 0.4571782558944304
281 1 0.5365499516258594
282 1 0.524346895192256
283 1 0.20596425625706755
284 1 0.4281230127434292
285 1 0.6238721197940802
286 1 0.4654687215170623
287 1 0.3440656217925173
288 1 0.4826476954756468
289 1 0.45959494711385646
290 1 0.3334454170743977
291 1 0.4580021529766916
292 1 0.41293192783609517
293 1 0.4889692633829784
294 1 0.5506328788920806
295 1 0.6028003430569714
296 1 0.5740833945841738
297 1 0.3102722653134467
298 1 0.47060021310200556
299 1 0.6010350707645904
300 1 0.7135781121330287
301 1 0.5566881892088998
302 1 0.4452712565186671
303 1 0.37205833279076167
304 1 0.35949105852330837
305 1 0.6087834334459336
306 1 0.4014535319848993
307 1 0.2876259171267713
308 1 0.3451468302931708
309 1 0.7962483474699695
310 1 0.39255601418397246
311 1 0.35942794795558236
312 1 0.4092670054568754
313 1 0.46750576073845307
314 1 0.48666992872748
315 1 0.5357176692684826
316 1 0.42242244344062757
317 1 0.483049433806483
318 1 0.5160419850251986
319 1 0.3071570391595795
320 1 0.5888551059156438
321 1 0.4587674031795764
322 1 0.33289414353628477
323 1 0.3401739955203379
324 1 0.4239718569296035
325 1 0.5125182487718465
326 1 0.5261252465008882
327 1 0.5095550296339675
328 1 0.5295659097889758
329 1 0.40601852066645505
330 1 0.2677150899388929
331 1 0.45736501139918284
332 1 0.442381111775359
333 1 0.674482805406625
334 1 0.3798866291539735
335 1 0.4740241022415803
336 1 0.32957700211871366
337 1 0.3841634537076818
338 1 0.5954493417327519
339 1 0.4258652281464982
340 1 0.420882076717496
341 1 0.40398122816820287
342 1 0.4490153518660766
343 1 0.3909774458868741
344 1 0.6535220426620495
345 1 0.3697689600772938
346 1 0.4842117736369032
347 1 0.3968775336022819
348 1 0.3626044590170681
349 1 0.3772401593822785
350 1 0.35531651213792304
351 1 0.4855047885375404
352 1 0.7058553581333187
353 1 0.8944009787042867
354 1 0.6271511538652178
355 1 0.4028482258279045
356 1 0.37904371702400774
357 1 0.5673958865049766
358 1 0.3786875797975667
359 1 0.5708058720286435
360 1 0.5669660691072919
361 1 0.4097264347630966
362 1 0.3419885710614119
363 1 0.5936898024786446
364 1 0.43289343135327824
365 1 0.5790045695368834
366 1 0.42970624384698425
367 1 0.5106532645582758
368 1 0.5249345472803322
369 1 0.5173422089318559
370 1 0.45141648609205665
371 1 0.28264865745585754
372 1 0.5473121237846774
373 1 0.3412591944100688
374 1 0.35702461778916234
375 1 0.4449512501934097
376 1 0.5709954092161194
377 1 0.45603695325382543
378 1 0.39955062887996196
379 1 0.4454032923325299
380 1 0.5038035604866126
381 1 0.45498463865291233
382 1 0.5423397249311639
383 1 0.5561967159115161
384 1 0.4266377070998211
385 1 0.6701871925760492
386 1 0.4439161082803756
387 1 0.3164596838842636
388 1 0.5478844762157691
389 1 0.5968976914273821
390 1 0.5847857359629991
391 1 0.18007138882493204
392 1 0.47049937333694875
393 1 0.36694265142340377
394 1 0.5143192460581345
395 1 0.4005050746971617
396 1 0.41348026397682813
397 1 0.5085942646407954
398 1 0.4632474489096733
399 1 0.5419006753572678
400 1 0.6161231116758809
401 1 0.46204896026574355
402 1 0.43951536831220145
403 1 0.36055223100004163
404 1 0.40688504182190943
405 1 0.4116874700217653
406 1 0.4608714793927097
407 1 0.3236046588880464
408 1 0.5002158698223195
409 1 0.38382365808464736
410 1 0.5320166083170168
411 1 0.4683717201928914
412 1 0.3933669759044636
413 1 0.6094826436974683
414 1 0.35789459189801426
415 1 0.3092161410810998
416 1 0.23005976220965846
417 1 0.5484693722176905
418 1 0.6001475453047167
419 1 0.4952184511400587
420 1 0.4872355405882123
421 1 0.3226744507412098
422 1 0.48054096777696104
423 1 0.5793674436694994
424 1 0.7809415340037458
425 1 0.42784499961898287
426 1 0.494993985945144
427 1 0.46085420126067544
428 1 0.5210897855707796
429 1 0.4304622269321011
430 1 0.3476073979328439
431 1 0.6272993417993399
432 1 0.4232609667475941
433 1 0.2591812059561806
434 1 0.3552612969122247
435 1 0.6228874375621529
436 1 0.454815218470468
437 1 0.563585799315113
438 1 0.36007175548852993
439 1 0.4001436035649366
440 1 0.3983035862998691
441 1 0.3900691990292503
442 1 0.7445680261164422
443 1 0.5570443788938081
444 1 0.5895361788761656
445 1 0.34589751349142417
446 1 0.4786072929041385
447 1 0.4441409836003327
448 1 0.4932738746991559
449 1 0.5555093686546905
450 1 0.48551064397011734
451 1 0.5508931513932461
452 1 0.2960500415201652
453 1 0.3889262054598075
454 1 0.372212753924328
455 1 0.3968532744081306
456 1 0.4107109545451219
457 1 0.6423798774197143
458 1 0.46688867448114496
459 1 0.46609954006988685
460 1 0.7616003780525158
461 1 0.5878596191374399
462 1 0.501005378599871
463 1 0.5292453557208724
464 1 0.49776524907252356
465 1 0.4368757089412577
466 1 0.4071074598844486
467 1 0.3398782164132915
468 1 0.37243261863028193
469 1 0.5808169788332278
470 1 0.374969672481522
471 1 0.37907315997146557
472 1 0.47953130616730083
473 1 0.4526484097596281
474 1 0.6501241471279975
475 1 0.3213897666010595
476 1 0.626230018410307
477 1 0.3353124721452789
478 1 0.3432421082633716
479 1 0.6248442042437011
480 1 0.306439790405025
481 1 0.33942675906745745
482 1 0.3746909752222147
483 1 0.5064569135077898
484 1 0.48938951018143506
485 1 0.5237819322875784
486 1 0.3898944933003478
487 1 0.5552478980311278
488 1 0.5118565403141409
489 1 0.39966852042799317
490 1 0.749582789835054
491 1 0.5391440210299469
492 1 0.3521222064393879
493 1 0.5125694865517374
494 1 0.31073527465963396
495 1 0.28261868880338215
496 1 0.582551431591521
497 1 0.6953025887090583
498 1 0.5623310393168242
499 1 0.43027561518727403
500 1 0.5491914474939337
501 1 0.4458408397885288
502 1 0.3649987466617712
503 1 0.5749083674077088
504 1 0.6234553016836845
505 1 0.7076244154227428
506 1 0.42127562994576523
507 1 0.46413130812898384
508 1 0.30723729648910264
509 1 0.5125663887342554
510 1 0.44381104715081876
511 1 0.9102991525054646
512 1 0.27174979585036146
513 1 0.46659913283085086
514 1 0.5090892068795466
515 1 0.40391286451763797
516 1 0.3829217154299262
517 1 0.5178935664430581
518 1 0.5658489068911775
519 1 0.5920614385086471
520 1 0.5708834688571388
521 1 0.4658000346454698
522 1 0.5431092452928313
523 1 0.41876330083780305
524 1 0.44650075924115146
525 1 0.6030789393271389
526 1 0.4170730292729077
527 1 0.35327512986947696
528 1 0.2872586577957989
529 1 0.4030017624695341
530 1 0.6159491867741299
531 1 0.37525434798948654
532 1 0.48844691259676287
533 1 0.6198840476807042
534 1 0.5626516643093027
535 1 0.26779895894162864
536 1 0.45942791770629027
537 1 0.6436141967389559
538 1 0.4723120961714893
539 1 0.29086567107521755
540 1 0.511478652897686
541 1 0.41141177781544414
542 1 0.6040578460136176
543 1 0.5133728209692441
544 1 0.3958212321183096
545 1 0.512417853361641
546 1 0.5387920372487891
547 1 0.5418694835262282
548 1 0.5489362410440362
549 1 0.5141678851907503
550 1 0.4335738458941324
551 1 0.27148368684384483
552 1 0.42703869566998987
553 1 0.48777075769663714
554 1 0.3848256672297114
555 1 0.4562009493625522
556 1 0.47524899726535963
557 1 0.594878215459022
558 1 0.44820416162173937
559 1 0.43682415912574973
560 1 0.31727965584737966
561 1 0.5171814433552612
562 1 0.5957133984664906
563 1 0.1952831237311424
564 1 0.8243250156618049
565 1 0.356394356904115
566 1 0.4586274073600576
567 1 0.3093466388074281
568 1 0.4913562016623101
569 1 0.5320226839433514
570 1 0.24311672627886974
571 1 0.40429296516737423
572 1 0.30216365230594916
573 1 0.32962899855612265
574 1 0.5325962885896915
575 1 0.4462448802947914
576 1 0.5711786095657265
577 1 0.4663851860067748
578 1 0.473597977643205
579 1 0.4488398451438277
580 1 0.48331061759558164
581 1 0.4553091927450528
582 1 0.35902893407765424
583 1 0.3381517771867439
584 1 0.2990462719675276
585 1 0.6335067371740031
586 1 0.32046806052192106
587 1 0.373252462346944
588 1 0.48068602861966747
589 1 0.47700816299672705
590 1 0.4845394930703267
591 1 0.41197831298474313
592 1 0.5465566891277938
593 1 0.37174271187474894
594 1 0.4865766020825678
595 1 0.48190352021158483
596 1 0.4630970811285256
597 1 0.375671217938865
598 1 0.34236829449786255
599 1 0.5266651448816774
600 1 0.474173811695324
601 1 0.32898304041054155
602 1 0.40703653641884385
603 1 0.6969568999418722
604 1 0.35204518264715534
605 1 0.3477855293841909
606 1 0.2863718680197979
607 1 0.5579538969729895
608 1 0.6118048722957345
609 1 0.3124550142281546
610 1 0.5487530636417132
611 1 0.553257546819306
612 1 0.2748586342236526
613 1 0.3611608651965423
614 1 0.492576988937667
615 1 0.47262044190209407
616 1 0.4115740627764163
617 1 0.41948026389141846
618 1 0.3436741560949156
619 1 0.44126944695619164
620 1 0.4924924520648314
621 1 0.498083249309543
622 1 0.36381160110696165
623 1 0.4023008287860006
624 1 0.39580670503747156
625 1 0.33109446685896055
626 1 0.6792578607518635
627 1 0.4773800514579289
628 1 0.3580839646585102
629 1 0.7268366245202827
630 1 0.4554911900559295
631 1 0.5506087484320626
632 1 0.47485250420131425
633 1 0.3447096821937301
634 1 0.4915929768297087
635 1 0.4584646586952313
636 1 0.580965498494663
637 1 0.3174366631174832
638 1 0.5211528650456602
639 1 0.316426711523215
640 1 0.42048758450902246
641 1 0.6864883316562564
642 1 0.7480814635073262
643 1 0.48588628572921305
644 1 0.37052843543329755
645 1 0.5779641209490184
646 1 0.4894154583800684
647 1 0.35441186424749116
648 1 0.3910803779012244
649 1 0.7118618840921339
650 1 0.4283816362034477
651 1 0.49477129123668256
652 1 0.32667802891850467
653 1 0.40460115477472636
654 1 0.6245668308225849
655 1 0.5016280683968493
656 1 0.49550307751104655
657 1 0.7695299604072698
658 1 0.4265456711440937
659 1 0.563281837240744
660 1 0.31643103095077946
661 1 0.3012561469579877
662 1 0.8181233755082296
663 1 0.4727456036005746
664 1 0.31694972497322543
665 1 0.6758357037170694
666 1 0.5386609727337645
667 1 0.5367165185026376
668 1 0.4624514295222849
669 1 0.3630382673442316
670 1 0.6107165427294869
671 1 0.41040355600618506
672 1 0.3928310284239157
673 1 0.3361900431628375
674 1 0.5643889181915854
675 1 0.49727177893962643
676 1 0.5356869217659335
677 1 0.31511463649749666
678 1 0.5796995846004299
679 1 0.4995290022177765
680 1 0.43085708001001605
681 1 0.47429445089397726
682 1 0.31656512069816567
683 1 0.4455279046142385
684 1 0.4891838949745802
685 1 0.5609752219167415
686 1 0.7326078096290045
687 1 0.5871707998802042
688 1 0.5052637771037467
689 1 0.45374740020449067
690 1 0.43279746159244353
691 1 0.6193562504402491
692 1 0.40262743653487376
693 1 0.5293251028456689
694 1 0.2900754124974571
695 1 0.4724143455140162
696 1 0.40982870881909744
697 1 0.5696504150127483
698 1 0.43583038689587444
699 1 0.38102968475094073
700 1 0.7411356728295238
701 1 0.5703338555372535
702 1 0.5748475300182666
703 1 0.43719494942561404
704 1 0.6068239385682099
705 1 0.4478785740055288
706 1 0.6644300220763895
707 1 0.3670891693066307
708 1 0.5802416382992981
709 1 0.411541309053824
710 1 0.8539166623656875
711 1 0.30601680089864064
712 1 0.33208539693388917
713 1 0.5341331600367778
714 1 0.4908375004960225
715 1 0.3399902393218652
716 1 0.5113396576377581
717 1 0.5519667452837552
718 1 0.5452241493290386
719 1 0.6142487836075581
720 1 0.36639540253053815
721 1 0.5183131166378824
722 1 0.4199272754744093
723 1 0.25082041648931447
724 1 0.38213195734284955
725 1 0.28703944341667387
726 1 0.43322175075076585
727 1 0.48529064798618987
728 1 0.28416298445482896
729 1 0.6577794383392848
730 1 0.5175328497637652
731 1 0.469165208538314
732 1 0.334038987479309
733 1 0.5055229178464309
734 1 0.27232976252254293
735 1 0.3223317739488913
736 1 0.4271448992474294
737 1 0.37957512759842066
738 1 0.5270959517145948
739 1 0.530599349530189
740 1 0.5672799266147904
741 1 0.4272950592376883
742 1 0.6882812777804161
743 1 0.39339391610853086
744 1 0.46475389982335585
745 1 0.6627880264177805
746 1 0.675872178326658
747 1 0.7226604639825853
748 1 0.5053167890606363
749 1 0.5073756078909603
750 1 0.5050006887427707
751 1 0.2926807903390792
752 1 0.5924629982434448
753 1 0.3511937982901875
754 1 0.4000664481915785
755 1 0.6378868653799877
756 1 0.708542857346244
757 1 0.34294374598540495
758 1 0.5294492958682349
759 1 0.606098072969994
760 1 0.32002240156337586
761 1 0.5226329769319473
762 1 0.4124387742465528
763 1 0.5014468194758658
764 1 0.37323890801480086
765 1 0.7618798924513058
766 1 0.36575493371542617
767 1 0.6686704522503307
768 1 0.588153677237703
769 1 0.544367620391268
770 1 0.3347748064917593
771 1 0.5288439496050285
772 1 0.4607370514727364
773 1 0.3826253152172626
774 1 0.40211197531160914
775 1 0.5370424100220849
776 1 0.4468149431642137
777 1 0.3506498896836392
778 1 0.4485559879484121
779 1 0.48718475811618456
780 1 0.35923943376094164
781 1 0.7228025094651392
782 1 0.5268881743094298
783 1 0.5248183693579934
784 1 0.5137485205776395
785 1 0.3882695899020882
786 1 0.42956157472931533
787 1 0.5099297354971004
788 1 0.49829823284737484
789 1 0.401130436066804
790 1 0.4968799228877613
791 1 0.5455008214806185
792 1 0.4259368382380822
793 1 0.5693458855170177
794 1 0.622888093991562
795 1 0.47866454162037464
796 1 0.6549358049997656
797 1 0.3780193223483518
798 1 0.5523560368942184
799 1 0.6823099067316816
800 1 0.5331771273245801
801 1 0.49255819581036825
802 1 0.5398401915637293
803 1 0.46509750236263714
804 1 0.4536378412622195
805 1 0.46234071275046473
806 1 0.5277688301484783
807 1 0.6014907854841034
808 1 0.5972749080608422
809 1 0.48333640924918564
810 1 0.5085529779158257
811 1 0.3984128155578077
812 1 0.48140194792112956
813 1 0.8193708196064858
814 1 0.38289003110877806
815 1 0.68804288679996
816 1 0.5046222148195623
817 1 0.3983863747636218
818 1 0.5000540642104779
819 1 0.256453959647941
820 1 0.501263579426534
821 1 0.7202168904347528
822 1 0.363053314897421
823 1 0.5190991941044494
824 1 0.41497697600241074
825 1 0.3841895463120859
826 1 0.3044891143492423
827 1 0.5611706090273372
828 1 0.491613525430849
829 1 0.5021773820708059
830 1 0.40221870162844936
831 1 0.31093238471454915
832 1 0.4528289707233998
833 1 0.47596258858393825
834 1 0.44386383432712995
835 1 0.40054627920205105
836 1 0.44056656438787456
837 1 0.6510926171760383
838 1 0.4955522086221558
839 1 0.40207806959843806
840 1 0.35002012845890296
841 1 0.6874137272527553
842 1 0.3919964297747761
843 1 0.4627101549599822
844 1 0.5689472857578296
845 1 0.4980760551975101
846 1 0.32356931239911574
847 1 0.595139423210305
848 1 0.3828062397393017
849 1 0.5521044685971969
850 1 0.32415464123611487
851 1 0.5304320152176668
852 1 0.33190240292531364
853 1 0.46493225058536564
854 1 0.7873246196525714
855 1 0.46182073166347687
856 1 0.44548976829702336
857 1 0.5006247207304952
858 1 0.49384286770581587
859 1 0.41902471348026066
860 1 0.3482210473169882
861 1 0.37318978945154624
862 1 0.46461957581859775
863 1 0.4749483580658417
864 1 0.5916136980165705
865 1 0.5753574463156311
866 1 0.36219789507399924
867 1 0.49480685678584624
868 1 0.43057011006359014
869 1 0.44571747260458827
870 1 0.45675584497330757
871 1 0.3793814708659576
872 1 0.2640456433991003
873 1 0.44834642215764847
874 1 0.5342322040351452
875 1 0.5586271735508234
876 1 0.35544683659314275
877 1 0.5228357479804169
878 1 0.5576703067753561
879 1 0.4547008606724186
880 1 0.4561436821540474
881 1 0.5812546986376989
882 1 0.3861710293541018
883 1 0.3072526533759026
884 1 0.5971005424552436
885 1 0.42868371928932786
886 1 0.4157769321078013
887 1 0.7264432802032466
888 1 0.5190692855946842
889 1 0.41225711948419563
890 1 0.43836462020822003
891 1 0.8415563648263853
892 1 0.5493254116177891
893 1 0.4812215370571133
894 1 0.524570351392047
895 1 0.5162751671170978
896 1 0.6119526757013829
897 1 0.4416585675889566
898 1 0.42430217436203166
899 1 0.35815687137051266
900 1 0.4823166053220864
901 1 0.39758104609398365
902 1 0.4086190321944004
903 1 0.5519096638678523
904 1 0.28533292176071823
905 1 0.42922592202032916
906 1 0.4457672597101496
907 1 0.33683713122162734
908 1 0.3116364579714501
909 1 0.4243611947114261
910 1 0.33172769909440586
911 1 0.35672626899486704
912 1 0.42944945883217706
913 1 0.4757837598567523
914 1 0.5176179624539534
915 1 0.7041527030222798
916 1 0.6869637372414273
917 1 0.4746028753254635
918 1 0.36604593514778905
919 1 0.48638479170362775
920 1 0.5376571426472186
921 1 0.3798768704555527
922 1 0.329909406409603
923 1 0.41297465100043346
924 1 0.5207622891385643
925 1 0.49877046747636133
926 1 0.6168384157238764
927 1 0.754984460360026
928 1 0.5608799797337599
929 1 0.2848425232028889
930 1 0.4038635882494683
931 1 0.4557746168019414
932 1 0.44770686196800463
933 1 0.464332207161459
934 1 0.5501010283914706
935 1 0.3748957269600612
936 1 0.4572954378560172
937 1 0.256417454380464
938 1 0.3250379646409495
939 1 0.5770268387119588
940 1 0.482880462209837
941 1 0.4931719461968329
942 1 0.5968561106582044
943 1 0.6202077782539905
944 1 0.45515010879184925
945 1 0.3955020753566126
946 1 0.6221104429233314
947 1 0.4014870207059771
948 1 0.5678160186197339
949 1 0.4807338113109168
950 1 0.43885221743117153
951 1 0.5823883696784699
952 1 0.32855220786243067
953 1 0.41210735687341693
954 1 0.2629013511003558
955 1 0.4691941364965167
956 1 0.31423515270977764
957 1 0.4060166738516139
958 1 0.5104881350171414
959 1 0.5966305172635487
960 1 0.5015477029738862
961 1 0.5381171494315378
962 1 0.6043115741496361
963 1 0.3911715687615874
964 1 0.3444078537291244
965 1 0.37557577894436717
966 1 0.4516900622846079
967 1 0.5810368866394802
968 1 0.36214579755518683
969 1 0.3551644208720544
970 1 0.6885120208567358
971 1 0.6379309570249365
972 1 0.3813306681860847
973 1 0.49545066268440935
974 1 0.6092351656846808
975 1 0.49783944995336793
976 1 0.39740713961859886
977 1 0.4648630747116519
978 1 0.32116416450726093
979 1 0.7983090620280424
980 1 0.4823378289635295
981 1 0.4737242242434206
982 1 0.5865035217172219
983 1 0.4379460937443398
984 1 0.6112466489596968
985 1 0.42408481187224767
986 1 0.37858709027845266
987 1 0.5082898193422226
988 1 0.27270498184599085
989 1 0.3670396107512764
990 1 0.5494134542979054
991 1 0.5901948336052265
992 1 0.4249392198271927
993 1 0.3709020472605956
994 1 0.29295686652029246
995 1 0.5106240647386794
996 1 0.46382114815260145
997 1 0.4630601873915994
998 1 0.348392523792269
999 1 0.6370355959439687
1000 1 0.549798837831635
