9001 1 0.3246008475948126
9002 1 0.5378763920206229
9003 1 0.5215105102026073
9004 1 0.3879350241246369
9005 1 0.4564828879092957
9006 1 0.2878626107726573
9007 1 0.4304383008492174
9008 1 0.4794000978528089
9009 1 0.4288812025901923
9010 1 0.41138245068521045
9011 1 0.6446759189883353
9012 1 0.42413084234524373
9013 1 0.39826123715913075
9014 1 0.49734805301073326
9015 1 0.368692997726526
9016 1 0.47602957508111077
9017 1 0.5427778714417709
9018 1 0.39017415272439315
9019 1 0.4495015546427942
9020 1 0.2759623543792884
9021 1 0.5122561662031277
9022 1 0.5969812217962126
9023 1 0.32925728780786423
9024 1 0.3400461375752609
9025 1 0.3398677434493423
9026 1 0.5687364731031083
9027 1 0.4772027315970659
9028 1 0.3001405759337206
9029 1 0.7150050159890193
9030 1 0.430996288425304
9031 1 0.45872580265280016
9032 1 0.5290382051416699
9033 1 0.3097913990917975
9034 1 0.5877114255093333
9035 1 0.40493381036539905
9036 1 0.5536454209703483
9037 1 0.2547145352240794
9038 1 0.3178407193876471
9039 1 0.48156748376495584
9040 1 0.6887556540592831
9041 1 0.7094206440893643
9042 1 0.4621476590004046
9043 1 0.3897862111681745
9044 1 0.656719201877139
9045 1 0.43827423910624885
9046 1 0.4006906210210616
9047 1 0.5377610670887796
9048 1 0.4530050043369129
9049 1 0.6330479352077847
9050 1 0.4197085488799474
9051 1 0.30246906987871813
9052 1 0.46921435168323744
9053 1 0.4473003037584618
9054 1 0.6534913418976224
9055 1 0.3319778519354456
9056 1 0.46644520848424226
9057 1 0.43034985849621055
9058 1 0.4716824307295877
9059 1 0.33821929180096905
9060 1 0.5775274808663382
9061 1 0.5389861290042961
9062 1 0.518903364128401
9063 1 0.36530074626224124
9064 1 0.32259577602301576
9065 1 0.47659139789838056
9066 1 0.36415209086887135
9067 1 0.5047445259407443
9068 1 0.5659157897894673
9069 1 0.22507865809755903
9070 1 0.44151535393014585
9071 1 0.6212995834704903
9072 1 0.640364790340256
9073 1 0.6884110478366274
9074 1 0.4079315732063115
9075 1 0.4743520856676276
9076 1 0.4428340963216185
9077 1 0.567505657864499
9078 1 0.2811931966205642
9079 1 0.508453185633009
9080 1 0.28328868936311136
9081 1 0.4177165301347097
9082 1 0.6084396133621791
9083 1 0.3748692247446546
9084 1 0.18574354691179532
9085 1 0.40131935471886393
9086 1 0.5278847556770504
9087 1 0.5206426714169863
9088 1 0.38236149150192705
9089 1 0.45474673732875304
9090 1 0.48475364725033426
9091 1 0.4046558129521319
9092 1 0.43767056587273495
9093 1 0.48898846282614966
9094 1 0.34336513823690296
9095 1 0.5282087594956851
9096 1 0.47052499523864283
9097 1 0.4464854296775682
9098 1 0.542004647736378
9099 1 0.41278987851801
9100 1 0.5239517608025147
9101 1 0.3856352427813351
9102 1 0.5748791661646164
9103 1 0.5169691681769232
9104 1 0.43898547587001663
9105 1 0.7840595837412077
9106 1 0.4355208684021923
9107 1 0.40686141837693257
9108 1 0.49738280710121807
9109 1 0.45337107917414554
9110 1 0.7033767286215648
9111 1 0.2718397235029226
9112 1 0.3946023289850248
9113 1 0.45414853032025765
9114 1 0.2863031969995199
9115 1 0.36089629243228744
9116 1 0.4862431094498283
9117 1 0.377076723155656
9118 1 0.433616357642939
9119 1 0.5640829964112262
9120 1 0.42193490102227593
9121 1 0.39627166806615144
9122 1 0.45223700027538116
9123 1 0.34135529544887705
9124 1 0.5885782415525489
9125 1 0.39587213429581486
9126 1 0.3612137546405037
9127 1 0.4287292599874024
9128 1 0.3509234159879243
9129 1 0.30818722126951265
9130 1 0.30302938753339087
9131 1 0.40811050073467114
9132 1 0.39569404224104043
9133 1 0.3581808846425324
9134 1 0.5937819604332596
9135 1 0.3224291938963765
9136 1 0.4375302961356613
9137 1 0.32906969937336683
9138 1 0.4274930202269379
9139 1 0.5562974388180877
9140 1 0.287659167623141
9141 1 0.35993307923671397
9142 1 0.5845186198461734
9143 1 0.47764299107674313
9144 1 0.4564280997983295
9145 1 0.46302193595572744
9146 1 0.7048151015065386
9147 1 0.5442537432999426
9148 1 0.5543800574661368
9149 1 0.3655018959618348
9150 1 0.5852995327898114
9151 1 0.37814253452938373
9152 1 0.49155985231274385
9153 1 0.5995163823449194
9154 1 0.4647986623303827
9155 1 0.5230392505872562
9156 1 0.47521277665756084
9157 1 0.37793066339986897
9158 1 0.45344554110835783
9159 1 0.6384458801666758
9160 1 0.544024530916886
9161 1 0.4177894801183574
9162 1 0.22240875274283053
9163 1 0.5230632935681666
9164 1 0.691860156371194
9165 1 0.6915748694716555
9166 1 0.46603506368401526
9167 1 0.3600773116310521
9168 1 0.6001701345534171
9169 1 0.21607529039207057
9170 1 0.36682288580321737
9171 1 0.4538501641803988
9172 1 0.5100766596962
9173 1 0.3701529868347142
9174 1 0.4085191125877661
9175 1 0.4911535388786273
9176 1 0.37441484898138855
9177 1 0.4941497078256859
9178 1 0.47337832658029066
9179 1 0.3376428913687496
9180 1 0.4585529259977597
9181 1 0.4292367473127433
9182 1 0.4826003477810803
9183 1 0.4687033024543253
9184 1 0.5420162444845946
9185 1 0.6344686923812606
9186 1 0.3775813374309129
9187 1 0.4486894058188204
9188 1 0.46801758011829614
9189 1 0.48182407644962355
9190 1 0.5143596898625254
9191 1 0.3200460209355723
9192 1 0.38256210553203057
9193 1 0.6237575224532707
9194 1 0.3894613644685026
9195 1 0.3395378587597281
9196 1 0.6311156601061257
9197 1 0.5466683458815377
9198 1 0.3952292581379118
9199 1 0.4631132244178369
9200 1 0.5990513479173658
9201 1 0.5915583010578703
9202 1 0.5374735331083856
9203 1 0.7152018522845459
9204 1 0.506654234147864
9205 1 0.5478518604668543
9206 1 0.31385469344446865
9207 1 0.5661357023934288
9208 1 0.47272172810452456
9209 1 0.5938869722676737
9210 1 0.5403097828395439
9211 1 0.4602853335743942
9212 1 0.4868964480140844
9213 1 0.5358189355946898
9214 1 0.5243999008488572
9215 1 0.564939634813211
9216 1 0.5108352374192889
9217 1 0.5029119703258932
9218 1 0.5260945607227117
9219 1 0.3821510838318458
9220 1 0.44095288079922784
9221 1 0.6040576358370546
9222 1 0.26148566542170265
9223 1 0.3738237706963693
9224 1 0.45788140778030095
9225 1 0.37347962730765377
9226 1 0.4599002879891828
9227 1 0.42323700273117554
9228 1 0.5641073209280315
9229 1 0.57320036174389
9230 1 0.6285526530344745
9231 1 0.5961724381038354
9232 1 0.45931174525386714
9233 1 0.5923919973422885
9234 1 0.4139941731016661
9235 1 0.6789988651266983
9236 1 0.31691322782494835
9237 1 0.6766212489674421
9238 1 0.38177486968233276
9239 1 0.7350372865454025
9240 1 0.6866236907008445
9241 1 0.4819875830338588
9242 1 0.5250239038868889
9243 1 0.4182499611773073
9244 1 0.6434990872690639
9245 1 0.5706781731328945
9246 1 0.6111724757579433
9247 1 0.5094614908485952
9248 1 0.6483387101302851
9249 1 0.46557671568124703
9250 1 0.3465123597326354
9251 1 0.4187854912703464
9252 1 0.627448744226064
9253 1 0.3891584584832528
9254 1 0.5076068130103887
9255 1 0.5604379001561546
9256 1 0.722404873439171
9257 1 0.5888831054512381
9258 1 0.4830587869271404
9259 1 0.3971124084946525
9260 1 0.6573191868454419
9261 1 0.42897756862334374
9262 1 0.7099230650075629
9263 1 0.4095433657837265
9264 1 0.4339033752764843
9265 1 0.5062205136556819
9266 1 0.33674936763901014
9267 1 0.38241759580638307
9268 1 0.5737294772208154
9269 1 0.4346740213072334
9270 1 0.2992310265903473
9271 1 0.5848853649128191
9272 1 0.47740253824127116
9273 1 0.2662466199177403
9274 1 0.6496395942359802
9275 1 0.29737654874016217
9276 1 0.5311789250045538
9277 1 0.3922573214308421
9278 1 0.3194873993633205
9279 1 0.6315704195543124
9280 1 0.6384502584057179
9281 1 0.5240531096783152
9282 1 0.5794144409335957
9283 1 0.5446107839455467
9284 1 0.5882641535836681
9285 1 0.647076289574561
9286 1 0.40149309651683884
9287 1 0.4686192110435047
9288 1 0.38810174852180296
9289 1 0.4923533627223559
9290 1 0.4565518293938324
9291 1 0.36319753868488
9292 1 0.6611524948285943
9293 1 0.3310104078063152
9294 1 0.49766866993673387
9295 1 0.6014529910563817
9296 1 0.4542829367955259
9297 1 0.3529610223011638
9298 1 0.4340980490573682
9299 1 0.5881077099257561
9300 1 0.4696099545086394
9301 1 0.2734673010704087
9302 1 0.5448632692376659
9303 1 0.36263322107207263
9304 1 0.32212410820908677
9305 1 0.47055978019790423
9306 1 0.38945665008667346
9307 1 0.44087608962998276
9308 1 0.3617418119457876
9309 1 0.5978984894935988
9310 1 0.30289235538002723
9311 1 0.27076024212481337
9312 1 0.36122232999189
9313 1 0.5197392172202968
9314 1 0.5404007888035803
9315 1 0.43716618299467713
9316 1 0.47161761230923693
9317 1 0.3745764028584894
9318 1 0.6432277839780053
9319 1 0.46673331165218734
9320 1 0.4712329867080968
9321 1 0.35494641178552866
9322 1 0.35466550946486197
9323 1 0.658703793017442
9324 1 0.40426763139183475
9325 1 0.33533749528233625
9326 1 0.5211580223588449
9327 1 0.34796379159947094
9328 1 0.5827619241968695
9329 1 0.4156019417060402
9330 1 0.4814719932214466
9331 1 0.37642895937117643
9332 1 0.5569006408084903
9333 1 0.738137680265338
9334 1 0.5291858429868135
9335 1 0.3256324068976797
9336 1 0.46060271565823285
9337 1 0.38715121187531987
9338 1 0.5303285385315315
9339 1 0.48472083372772523
9340 1 0.5523147398357214
9341 1 0.47912136478203027
9342 1 0.3728450700214094
9343 1 0.3948759972171432
9344 1 0.6233174466704927
9345 1 0.4356809986909308
9346 1 0.5501290040703248
9347 1 0.5482260677241176
9348 1 0.5181496909952171
9349 1 0.594233913788401
9350 1 0.37130781964757
9351 1 0.4805525037629829
9352 1 0.44121423138779986
9353 1 0.6026840054262785
9354 1 0.545127585469471
9355 1 0.6005570118222331
9356 1 0.5836746631864037
9357 1 0.5055437446224338
9358 1 0.4100289602794724
9359 1 0.6606361224887436
9360 1 0.7555921929299144
9361 1 0.5517780291635568
9362 1 0.5257285613834942
9363 1 0.6783852024302294
9364 1 0.58333923840814
9365 1 0.4630843154923042
9366 1 0.6684639586936609
9367 1 0.4152047905122986
9368 1 0.5135731839104523
9369 1 0.40135442661803333
9370 1 0.42997354963148476
9371 1 0.570606013993593
9372 1 0.4409259459991737
9373 1 0.5219634446233514
9374 1 0.44707234540956536
9375 1 0.4549433475256493
9376 1 0.373136941223069
9377 1 0.6364397696008932
9378 1 0.2309919830877149
9379 1 0.6370617811415219
9380 1 0.5783088718542357
9381 1 0.4298193033111476
9382 1 0.4943230115031951
9383 1 0.42851322518452134
9384 1 0.26004657802077047
9385 1 0.3913543953116636
9386 1 0.49002880049994374
9387 1 0.41641368748291024
9388 1 0.540016260105619
9389 1 0.38699933119461033
9390 1 0.6484702595829809
9391 1 0.5099085323118235
9392 1 0.42846992680913454
9393 1 0.5316954411438715
9394 1 0.43538600307350106
9395 1 0.46328669275957507
9396 1 0.5521367228967274
9397 1 0.5664012371115332
9398 1 0.5698347324113775
9399 1 0.49784974246282576
9400 1 0.43172560936259163
9401 1 0.5747129816019846
9402 1 0.40712525814614076
9403 1 0.47000017335546385
9404 1 0.3750999633791395
9405 1 0.3947927895337895
9406 1 0.6436319420017793
9407 1 0.4825506180766811
9408 1 0.6454627668958045
9409 1 0.47823540693405475
9410 1 0.5165210626767219
9411 1 0.4660108041339901
9412 1 0.39036852098083685
9413 1 0.33931228043040584
9414 1 0.3671246679910192
9415 1 0.5309446001748005
9416 1 0.6197836441776599
9417 1 0.49475915806768617
9418 1 0.513837991011162
9419 1 0.4046374141991549
9420 1 0.23805600004602007
9421 1 0.21686478529053527
9422 1 0.7927002003278678
9423 1 0.3094875285034137
9424 1 0.46632801945789687
9425 1 0.47324637787648094
9426 1 0.46522630985869506
9427 1 0.4865794804180403
9428 1 0.49985435419266067
9429 1 0.4357744001748324
9430 1 0.46460394653000275
9431 1 0.46873573475677066
9432 1 0.666000135281161
9433 1 0.4355136573136503
9434 1 0.3626127720233956
9435 1 0.6879082725074418
9436 1 0.5968246976712293
9437 1 0.5411669204009799
9438 1 0.4898083515938271
9439 1 0.45581512679890085
9440 1 0.3966022009473502
9441 1 0.5122210218770041
9442 1 0.3683453952554713
9443 1 0.7123597766188132
9444 1 0.42632278063901613
9445 1 0.40888126599639907
9446 1 0.4886353930097323
9447 1 0.37276023783903567
9448 1 0.4828444982003905
9449 1 0.34975313009683767
9450 1 0.22903562219481843
9451 1 0.456117912973229
9452 1 0.4673587889181369
9453 1 0.33931866271470545
9454 1 0.4072337201133211
9455 1 0.42022916936711346
9456 1 0.5684962732413458
9457 1 0.39037456775501433
9458 1 0.3793995641603967
9459 1 0.5467657620462137
9460 1 0.7073614430107961
9461 1 0.39370291183645134
9462 1 0.4260028032713598
9463 1 0.5009526591318881
9464 1 0.46423077967704074
9465 1 0.42006889766458183
9466 1 0.2913300887730866
9467 1 0.47886831968688964
9468 1 0.35844912279061636
9469 1 0.7378521497370781
9470 1 0.6077789684669475
9471 1 0.5419578663560094
9472 1 0.4158157167879478
9473 1 0.5390878558051302
9474 1 0.48175741029179525
9475 1 0.3608039171836289
9476 1 0.3756131935095188
9477 1 0.6303090132527394
9478 1 0.5545243795275487
9479 1 0.3876214220424244
9480 1 0.5210856450028638
9481 1 0.6433031741766597
9482 1 0.4885748074868358
9483 1 0.5186054125686003
9484 1 0.4235819381241233
9485 1 0.35618818213148806
9486 1 0.5927443062341388
9487 1 0.5120527480438762
9488 1 0.4684935606904467
9489 1 0.4853605365701309
9490 1 0.3462586175066415
9491 1 0.4213433983904337
9492 1 0.703907931207381
9493 1 0.3577943562620655
9494 1 0.5613402515256027
9495 1 0.4247800193186558
9496 1 0.541237356398254
9497 1 0.382959113229457
9498 1 0.6014539772228457
9499 1 0.8430824433787741
9500 1 0.3812378034392954
9501 1 0.6174305551856956
9502 1 0.5086392046630578
9503 1 0.3627254135991903
9504 1 0.5459687463697226
9505 1 0.4958810225527324
9506 1 0.3542478103685476
9507 1 0.2716819760016674
9508 1 0.5953115680565456
9509 1 0.5044066524196781
9510 1 0.4325277337952339
9511 1 0.4559258202412016
9512 1 0.4049096678056643
9513 1 0.4129210666267656
9514 1 0.40876077692386203
9515 1 0.531819332648875
9516 1 0.4406289153359046
9517 1 0.5838892984553705
9518 1 0.6531610679345472
9519 1 0.5574845644571323
9520 1 0.43324219098167543
9521 1 0.48386364174392443
9522 1 0.3284042247272194
9523 1 0.5144289195391195
9524 1 0.47733251138050076
9525 1 0.7893276887475926
9526 1 0.40285084632605583
9527 1 0.38180929594693824
9528 1 0.6477442235474681
9529 1 0.27954612357544034
9530 1 0.6981607271179481
9531 1 0.577166991867338
9532 1 0.6476927556884299
9533 1 0.44529455949249463
9534 1 0.4896315530225077
9535 1 0.4784168162883206
9536 1 0.2682112604043475
9537 1 0.5488560892113905
9538 1 0.6055567940879605
9539 1 0.472323880597122
9540 1 0.4874507602155081
9541 1 0.42053984280381096
9542 1 0.39798266955659295
9543 1 0.5035018079417989
9544 1 0.7283987165749687
9545 1 0.32156466182629
9546 1 0.3390201253994408
9547 1 0.36373074526323157
9548 1 0.3762129418743174
9549 1 0.6051790323477584
9550 1 0.40201740010245235
9551 1 0.35099962130944184
9552 1 0.5308861896353182
9553 1 0.6111619239481267
9554 1 0.5205964951279038
9555 1 0.2634287681882693
9556 1 0.6002225257605636
9557 1 0.5073663902396817
9558 1 0.48458126906935806
9559 1 0.4580406258980119
9560 1 0.46528077295123244
9561 1 0.4232272391691431
9562 1 0.4302731404524871
9563 1 0.32755639050361884
9564 1 0.4107709462592569
9565 1 0.46733995499713044
9566 1 0.53809407761766
9567 1 0.501620084613536
9568 1 0.41366968993390063
9569 1 0.6022572896157042
9570 1 0.6152095586838278
9571 1 0.47309952437768765
9572 1 0.3477325945465205
9573 1 0.6464203767889574
9574 1 0.5057024767612127
9575 1 0.535996425471073
9576 1 0.41659798397723546
9577 1 0.6451936939990638
9578 1 0.5619919654194924
9579 1 0.4927781106022958
9580 1 0.39579297873909147
9581 1 0.5299926054860774
9582 1 0.5632374866908519
9583 1 0.22242460793234808
9584 1 0.45697302810258306
9585 1 0.5227730013795544
9586 1 0.38970703953121744
9587 1 0.4554017587685496
9588 1 0.659554594465938
9589 1 0.4511091493170339
9590 1 0.5409720037163034
9591 1 0.6017084571756927
9592 1 0.4583824161949544
9593 1 0.42756646455914754
9594 1 0.6698539172768944
9595 1 0.4845638413779698
9596 1 0.3472868994997129
9597 1 0.3095144423991641
9598 1 0.34834027996969086
9599 1 0.48840416486393623
9600 1 0.42164575100475554
9601 1 0.21554697874230327
9602 1 0.2973733017192002
9603 1 0.5593288200236671
9604 1 0.516279189732545
9605 1 0.6507986920276746
9606 1 0.5669597327834636
9607 1 0.281963789177946
9608 1 0.5049303632773327
9609 1 0.41735176939526436
9610 1 0.6116691059599155
9611 1 0.4118256651450804
9612 1 0.5210503851626677
9613 1 0.5227827386200896
9614 1 0.4029099130576982
9615 1 0.4113797043921818
9616 1 0.43971813762084233
9617 1 0.511817903914838
9618 1 0.4219417799353672
9619 1 0.5383885540280685
9620 1 0.5085835082165951
9621 1 0.4848056235479094
9622 1 0.4459125157958905
9623 1 0.4768243577139999
9624 1 0.5589978450151246
9625 1 0.5194310917888937
9626 1 0.5227650776730488
9627 1 0.5010692309804111
9628 1 0.42443052371641454
9629 1 0.4001898619159331
9630 1 0.44147236985742544
9631 1 0.6970894351128939
9632 1 0.5731702546036969
9633 1 0.40185925391684524
9634 1 0.45066124550514103
9635 1 0.5499172661035979
9636 1 0.3193616405082265
9637 1 0.5835678460162431
9638 1 0.25971385609254344
9639 1 0.6876989987969888
9640 1 0.6228375335717453
9641 1 0.4026514154057377
9642 1 0.65433285034181
9643 1 0.43766687052958503
9644 1 0.2862094429499042
9645 1 0.7657911681891315
9646 1 0.5594547907687916
9647 1 0.4984425903512034
9648 1 0.3582783206175292
9649 1 0.5392809056405761
9650 1 0.3078813302261246
9651 1 0.49436626950665086
9652 1 0.453068699724286
9653 1 0.4866998381071595
9654 1 0.6088537485910249
9655 1 0.5395208769916733
9656 1 0.501990743582705
9657 1 0.5606329035818296
9658 1 0.3938116562885243
9659 1 0.410053346560192
9660 1 0.4207447899692191
9661 1 0.4958451789605112
9662 1 0.5245616852400625
9663 1 0.366282838746169
9664 1 0.355819641706749
9665 1 0.49329881607745135
9666 1 0.4566988106250395
9667 1 0.4358941561336981
9668 1 0.5333165211106935
9669 1 0.4240610360077441
9670 1 0.677608103177625
9671 1 0.6662629583841834
9672 1 0.3592276197055012
9673 1 0.5734479180753238
9674 1 0.304864049289803
9675 1 0.32107832112861695
9676 1 0.6025865791653247
9677 1 0.5030396168027165
9678 1 0.6505641184683392
9679 1 0.38240950023908465
9680 1 0.8143597363238566
9681 1 0.32233271556519943
9682 1 0.3593723777389542
9683 1 0.45303872978011983
9684 1 0.3277902046673272
9685 1 0.5596419251343945
9686 1 0.5699972664050837
9687 1 0.45946243856748376
9688 1 0.6466842144756434
9689 1 0.5314761337893624
9690 1 0.5200539992489699
9691 1 0.33570276521160825
9692 1 0.812045025538
9693 1 0.5876241580678285
9694 1 0.3023527268044709
9695 1 0.35692957721540597
9696 1 0.5384620090101377
9697 1 0.4470495967952046
9698 1 0.43847496113752854
9699 1 0.3852922604645762
9700 1 0.6229110524529727
9701 1 0.43292962291121234
9702 1 0.45170455642732793
9703 1 0.5159386292835094
9704 1 0.5008819926205099
9705 1 0.6607843281902058
9706 1 0.5862839427912905
9707 1 0.6723828010249987
9708 1 0.5677506727677176
9709 1 0.4678061170181214
9710 1 0.5092394547443286
9711 1 0.435546431373784
9712 1 0.6570103866109854
9713 1 0.6244419440961005
9714 1 0.4197739830282634
9715 1 0.44701836937676254
9716 1 0.5098854891787562
9717 1 0.4983895333432983
9718 1 0.4700524016909317
9719 1 0.31994440901614557
9720 1 0.5581596436423453
9721 1 0.508044111446834
9722 1 0.6459007068676722
9723 1 0.32169892744134704
9724 1 0.38166130130513365
9725 1 0.4263189578007018
9726 1 0.4245565590329036
9727 1 0.42128025647943246
9728 1 0.3485961745613274
9729 1 0.38859850247567224
9730 1 0.5375642877989997
9731 1 0.6350301194270733
9732 1 0.7397242511543507
9733 1 0.34978667001105296
9734 1 0.43068473990756057
9735 1 0.5570031993132811
9736 1 0.3691920212867582
9737 1 0.493266169841995
9738 1 0.6411607148015434
9739 1 0.3684981237994544
9740 1 0.5816453700771994
9741 1 0.5553105261127597
9742 1 0.30796148154473
9743 1 0.24621317190601474
9744 1 0.39073134254954134
9745 1 0.3730587893892614
9746 1 0.291154712511619
9747 1 0.5409407265414004
9748 1 0.4235718970594347
9749 1 0.5639846396978639
9750 1 0.6180793172363558
9751 1 0.3406086666443034
9752 1 0.5208585545648109
9753 1 0.43780239514785807
9754 1 0.40790740266433406
9755 1 0.5469512260841307
9756 1 0.5260073480594455
9757 1 0.4652017172501243
9758 1 0.5044723026230686
9759 1 0.2953321933024064
9760 1 0.34445307308613526
9761 1 0.4566334038922039
9762 1 0.4342540368801964
9763 1 0.7255719237215167
9764 1 0.4747597914786363
9765 1 0.466447188330066
9766 1 0.5382470144665723
9767 1 0.5088455393285659
9768 1 0.4419537367806469
9769 1 0.39229634745947983
9770 1 0.4005540437274236
9771 1 0.3421863486700948
9772 1 0.3855776304409289
9773 1 0.5870762138498408
9774 1 0.6289612133912801
9775 1 0.4696631669544099
9776 1 0.7235047971834341
9777 1 0.36778416948937076
9778 1 0.42097203936433625
9779 1 0.568023180125587
9780 1 0.4799515917692068
9781 1 0.35501701745562936
9782 1 0.4040854863009743
9783 1 0.418748796440639
9784 1 0.3973229789441487
9785 1 0.48319180439972936
9786 1 0.22927317518421025
9787 1 0.5079618208640223
9788 1 0.41808323668787756
9789 1 0.43144107648102803
9790 1 0.5257618957606895
9791 1 0.44983815800992494
9792 1 0.45076218030174303
9793 1 0.3924039356109441
9794 1 0.35244456647590294
9795 1 0.4135200056944906
9796 1 0.5369613180625299
9797 1 0.5511288549185124
9798 1 0.6471325387592867
9799 1 0.33767595620432256
9800 1 0.4705951256455739
9801 1 0.5171153141717943
9802 1 0.36578561130850024
9803 1 0.6848098893307598
9804 1 0.44456803264079936
9805 1 0.5507695837467856
9806 1 0.49445256615017735
9807 1 0.5791071739230622
9808 1 0.7151142627375073
9809 1 0.35692751078674995
9810 1 0.4972390399923964
9811 1 0.39605679669453997
9812 1 0.3253516878389551
9813 1 0.41919998139785847
9814 1 0.5406631443144952
9815 1 0.4572760915554984
9816 1 0.6590214859111091
9817 1 0.6040739069510435
9818 1 0.44132407260407525
9819 1 0.6615159709550744
9820 1 0.552391929755221
9821 1 0.4603523118073811
9822 1 0.4540644324773436
9823 1 0.7181109718486134
9824 1 0.5711672899511117
9825 1 0.25469081483638195
9826 1 0.37966789947527
9827 1 0.5107028933130766
9828 1 0.3533208128248977
9829 1 0.3275039558666609
9830 1 0.4328467598325392
9831 1 0.64472101892984
9832 1 0.3825991149016537
9833 1 0.43156446869477494
9834 1 0.5456917832713567
9835 1 0.29656517221554396
9836 1 0.49122585709361755
9837 1 0.41042256321148046
9838 1 0.5600111033908298
9839 1 0.3555693613178228
9840 1 0.45399589331498197
9841 1 0.4536640352116375
9842 1 0.3602514700784268
9843 1 0.5200129240845177
9844 1 0.5388755383436858
9845 1 0.4827013168338523
9846 1 0.4202434392169343
9847 1 0.32617275912329435
9848 1 0.6007581599797062
9849 1 0.6320324117466346
9850 1 0.4734702913216716
9851 1 0.40184843632185435
9852 1 0.7289390514813807
9853 1 0.6110072116041639
9854 1 0.3511260954186033
9855 1 0.5533955211557403
9856 1 0.6489866300775587
9857 1 0.6046306286964049
9858 1 0.42184896175535314
9859 1 0.5395161463714441
9860 1 0.519483047683025
9861 1 0.4929664428398659
9862 1 0.33487132812094267
9863 1 0.4542692147544536
9864 1 0.36925164967987506
9865 1 0.48200114694823937
9866 1 0.30167942084725924
9867 1 0.1992410610779566
9868 1 0.3076016503986352
9869 1 0.5322459164038251
9870 1 0.4358340234670882
9871 1 0.3094630035504492
9872 1 0.5376274403598604
9873 1 0.42298793356608244
9874 1 0.5642839795090542
9875 1 0.4124218862710741
9876 1 0.4960221990963624
9877 1 0.6031248485788976
9878 1 0.26943991650252713
9879 1 0.442303733361251
9880 1 0.538461886629015
9881 1 0.4864762178758041
9882 1 0.5217056699492426
9883 1 0.5307832279516185
9884 1 0.7085351546638688
9885 1 0.45506717876931796
9886 1 0.5040501504750838
9887 1 0.3854217240605303
9888 1 0.457083913413705
9889 1 0.5304110442072397
9890 1 0.5479150450563773
9891 1 0.39015159396223437
9892 1 0.25259717497171497
9893 1 0.32287826707077266
9894 1 0.3919857672617769
9895 1 0.42599117271511094
9896 1 0.6744501409556909
9897 1 0.493304463402807
9898 1 0.5810436127771708
9899 1 0.5280073589576262
9900 1 0.5258130255921264
9901 1 0.3403114110554703
9902 1 0.313113785183036
9903 1 0.5382275524542733
9904 1 0.6503237103016476
9905 1 0.47032088336229266
9906 1 0.531798506479176
9907 1 0.5232974562907113
9908 1 0.4841677864607513
9909 1 0.5089355444694007
9910 1 0.5339650653928116
9911 1 0.5639714290082236
9912 1 0.37875703280488204
9913 1 0.4525835061931217
9914 1 0.4114358069304482
9915 1 0.7266452767643943
9916 1 0.5029334089811497
9917 1 0.5615143086279636
9918 1 0.5371653687021866
9919 1 0.42198398430128015
9920 1 0.4876996037828306
9921 1 0.43028701143342896
9922 1 0.34859913362748124
9923 1 0.46171239488486987
9924 1 0.41347395646561536
9925 1 0.3970413031510602
9926 1 0.40530515866255357
9927 1 0.5241750983512699
9928 1 0.8408454987120045
9929 1 0.46280919079960825
9930 1 0.4687214730393303
9931 1 0.7128592941321918
9932 1 0.6038750311414814
9933 1 0.34628512574554543
9934 1 0.6202989767985964
9935 1 0.5791732868813096
9936 1 0.5993266681035261
9937 1 0.5071252469954214
9938 1 0.6028055416910845
9939 1 0.6597032566351492
9940 1 0.4885921069449506
9941 1 0.7528518549389446
9942 1 0.3649864437276846
9943 1 0.5448878334158562
9944 1 0.5082165530129281
9945 1 0.3716246261908472
9946 1 0.46612263534508913
9947 1 0.4103960824539597
9948 1 0.47439242450236174
9949 1 0.4112263351563297
9950 1 0.4402541380211758
9951 1 0.6507343045180456
9952 1 0.4590799715136499
9953 1 0.4316225425510689
9954 1 0.511768048916421
9955 1 0.47990705051037924
9956 1 0.47584455218199856
9957 1 0.4451946280365733
9958 1 0.6854337534197557
9959 1 0.5363309110846051
9960 1 0.5813853348912862
9961 1 0.7108250566147334
9962 1 0.3659966393856311
9963 1 0.5339498914252603
9964 1 0.43584050298407967
9965 1 0.6306015113067225
9966 1 0.4708688377160998
9967 1 0.583928568152271
9968 1 0.3056831311329004
9969 1 0.5252597188402666
9970 1 0.4905466647032473
9971 1 0.5279169019358632
9972 1 0.5060558686963446
9973 1 0.7310954361675399
9974 1 0.596708885205153
9975 1 0.5187505055322326
9976 1 0.4730811412568068
9977 1 0.42046768320319133
9978 1 0.5002183199886181
9979 1 0.46957053920654074
9980 1 0.5422076977373608
9981 1 0.5301384195427473
9982 1 0.29637115338785097
9983 1 0.4470613562569336
9984 1 0.6211335555451516
9985 1 0.5601438583074717
9986 1 0.6254833385839427
9987 1 0.47829479086807775
9988 1 0.6158947487113988
9989 1 0.6472466410134252
9990 1 0.7585276950170914
9991 1 0.38544140645111413
9992 1 0.44374743426031665
9993 1 0.37742873772650726
9994 1 0.28028596707497183
9995 1 0.6444513598294974
9996 1 0.45371772379049213
9997 1 0.5968999777071022
9998 1 0.6877122928534145
9999 1 0.24098601136605122
10000 1 0.4835823430323163
