1 1 5.999684376321449
2 1 3.62021551983701
3 1 1.5695403873355187
4 1 7.865928178565772
5 1 7.616613504358186
6 1 4.3522637221975575
7 1 5.4891232548831965
8 1 6.628734797311977
9 1 2.4492522997427484
10 1 9.617156606764464
11 1 5.591346012224762
12 1 4.493935996094629
13 1 3.6775883958836846
14 1 6.9749010618246805
15 1 9.321484567468678
16 1 3.904187953872157
17 1 9.805922808498288
18 1 3.358278878871603
19 1 9.835284753098767
20 1 9.442097529007752
21 1 8.690019960241848
22 1 3.5761469120748237
23 1 6.577290723072621
24 1 8.351986047058876
25 1 8.452746758944276
26 1 1.967922023083395
27 1 1.2261765556698478
28 1 1.8476032037001164
29 1 4.057731590219471
30 1 2.2912813450337257
31 1 9.401615828822383
32 1 8.91282069464119
33 1 6.560574655182217
34 1 2.175108433160898
35 1 4.777215653338802
36 1 2.5523395094639243
37 1 3.307139642320056
38 1 6.719718316927871
39 1 2.4940499978100825
40 1 1.6994403000743383
41 1 7.5984621205132115
42 1 3.0763903446907026
43 1 5.019322746867062
44 1 4.23780720676673
45 1 7.591799210776769
46 1 1.0882431098635603
47 1 3.8446904315455805
48 1 6.8444599840691165
49 1 4.457358672982406
50 1 4.324479343773269
