6001 1 0.3371838678280853
6002 1 0.6264101853869722
6003 1 0.6022253195775562
6004 1 0.5494479613513668
6005 1 0.38644851061856544
6006 1 0.4103970221280696
6007 1 0.4730127090005669
6008 1 0.4570094364500137
6009 1 0.41370880920229225
6010 1 0.4359372519988268
6011 1 0.6087393145151162
6012 1 0.4661749443318597
6013 1 0.4446993669992415
6014 1 0.5641197372890148
6015 1 0.5766552212840514
6016 1 0.4790899662399656
6017 1 0.396888478123858
6018 1 0.37410537313137365
6019 1 0.6541664263085276
6020 1 0.5466159460442552
6021 1 0.4020347673161022
6022 1 0.5372627486635598
6023 1 0.5210538591263371
6024 1 0.532441174082742
6025 1 0.37711238875262953
6026 1 0.3612958189430648
6027 1 0.46337785520553804
6028 1 0.43116133424387093
6029 1 0.45299892136411024
6030 1 0.34197013627918954
6031 1 0.546113415613961
6032 1 0.6670974809518658
6033 1 0.46242588846298754
6034 1 0.6490827454881686
6035 1 0.4493540530367645
6036 1 0.5977851515929076
6037 1 0.5060177157763971
6038 1 0.39611283430597477
6039 1 0.369347353189395
6040 1 0.35815066498661974
6041 1 0.4166810495129876
6042 1 0.3433226166114019
6043 1 0.3886776687341222
6044 1 0.4924564706378148
6045 1 0.5546376207425573
6046 1 0.39489978496729655
6047 1 0.5393244813152992
6048 1 0.29408267022361495
6049 1 0.6085249989167778
6050 1 0.7852941894025908
6051 1 0.3922514488952142
6052 1 0.8762958287343761
6053 1 0.4565794210744487
6054 1 0.32412107906893145
6055 1 0.5532931218337537
6056 1 0.39600918978634064
6057 1 0.3761485498542268
6058 1 0.7873346859601907
6059 1 0.49896295922678824
6060 1 0.44822943084733136
6061 1 0.3597782130860297
6062 1 0.440194249103466
6063 1 0.4863433234785684
6064 1 0.48016850644901155
6065 1 0.3759370508699521
6066 1 0.44628568980844574
6067 1 0.4922346969471765
6068 1 0.6080393495894214
6069 1 0.5129201940668277
6070 1 0.256604031392364
6071 1 0.4459352496042129
6072 1 0.40441514038852155
6073 1 0.41353403935351696
6074 1 0.42191827074402216
6075 1 0.6609944687221528
6076 1 0.190370397931099
6077 1 0.3582563623397807
6078 1 0.5362672508677743
6079 1 0.5959499186972118
6080 1 0.2901821439723632
6081 1 0.3441598465444316
6082 1 0.5592229977177273
6083 1 0.6455664369004498
6084 1 0.3258825436331201
6085 1 0.27045969784243473
6086 1 0.5420267562677711
6087 1 0.4840869995696507
6088 1 0.37948672951188445
6089 1 0.4147637720552919
6090 1 0.658515578221887
6091 1 0.35745706018403667
6092 1 0.504368752701785
6093 1 0.7266444426738946
6094 1 0.42137968316088653
6095 1 0.38993967518493217
6096 1 0.4111130369837652
6097 1 0.5675343934542656
6098 1 0.4505441864633254
6099 1 0.3514317502825315
6100 1 0.6729037012106757
6101 1 0.5822859994340928
6102 1 0.4092521189861704
6103 1 0.5760180416699595
6104 1 0.562486965030574
6105 1 0.464956034073035
6106 1 0.6130417829085152
6107 1 0.44408538257359265
6108 1 0.587094359003082
6109 1 0.44426576928773137
6110 1 0.4444886728410808
6111 1 0.36124581960607566
6112 1 0.35063665918113385
6113 1 0.7611222388058894
6114 1 0.41528335193085775
6115 1 0.6332471785097633
6116 1 0.5182545344027362
6117 1 0.6807566483574261
6118 1 0.5042665952523173
6119 1 0.29282727682541887
6120 1 0.4311471435675802
6121 1 0.5402993656339768
6122 1 0.2689660714771679
6123 1 0.45481267577489326
6124 1 0.4149343976874513
6125 1 0.5411742640360854
6126 1 0.686700306125929
6127 1 0.3794732748826324
6128 1 0.5043418215338178
6129 1 0.5453668842036677
6130 1 0.3147975673472313
6131 1 0.4458138484351068
6132 1 0.21815489984185424
6133 1 0.7569246873450158
6134 1 0.46770233179366266
6135 1 0.2780416265900401
6136 1 0.39767081653083974
6137 1 0.5874510389670449
6138 1 0.5250229486861786
6139 1 0.5780493135114326
6140 1 0.6127088064880147
6141 1 0.25089548185770466
6142 1 0.37087184444199495
6143 1 0.5374060276799506
6144 1 0.5702634462084605
6145 1 0.4602865621983529
6146 1 0.5513269846085045
6147 1 0.39226617704669736
6148 1 0.6140038069268046
6149 1 0.5665229832866294
6150 1 0.5290258098812857
6151 1 0.2706620580844265
6152 1 0.7230053362581071
6153 1 0.4134523350815382
6154 1 0.5355199917304919
6155 1 0.40227813652701494
6156 1 0.27529357361631984
6157 1 0.46824429121549316
6158 1 0.5093602654013452
6159 1 0.6791173590042747
6160 1 0.35620478985505794
6161 1 0.6288516509182722
6162 1 0.40092979680606405
6163 1 0.7152493714900853
6164 1 0.49825388856167335
6165 1 0.43021772970565747
6166 1 0.6059298892515197
6167 1 0.43724368668153435
6168 1 0.6686861039773997
6169 1 0.21150063552711354
6170 1 0.5639041628671992
6171 1 0.5402812032434282
6172 1 0.3154370252681894
6173 1 0.513305753754332
6174 1 0.35805702699042297
6175 1 0.6059986148010733
6176 1 0.37222304320926164
6177 1 0.35541497144631273
6178 1 0.30118396857500906
6179 1 0.41732113559767675
6180 1 0.5938059908905781
6181 1 0.4072533283402978
6182 1 0.3795212984852193
6183 1 0.5306856425457948
6184 1 0.3478423195538106
6185 1 0.6510382691037077
6186 1 0.5090457622639067
6187 1 0.3717692779752924
6188 1 0.6132852882909035
6189 1 0.4235678869425136
6190 1 0.6089936212629964
6191 1 0.4593500732437384
6192 1 0.6919498116325973
6193 1 0.5072509187707853
6194 1 0.656036575955624
6195 1 0.44119333589123627
6196 1 0.4876720076374348
6197 1 0.7164883599695051
6198 1 0.20713083796578866
6199 1 0.4477769970986043
6200 1 0.5210922741811838
6201 1 0.5845517682631121
6202 1 0.3550430777173156
6203 1 0.5595655433044007
6204 1 0.2930440429556463
6205 1 0.3937726251627902
6206 1 0.4689253147166784
6207 1 0.370882115265669
6208 1 0.6402874626107412
6209 1 0.6248961651939022
6210 1 0.5766314217826857
6211 1 0.61568986854711
6212 1 0.41323704492807783
6213 1 0.45332736252567196
6214 1 0.4832721472415407
6215 1 0.4643499212461422
6216 1 0.5681042841140038
6217 1 0.48295481279128477
6218 1 0.5990514048742763
6219 1 0.4382520569804474
6220 1 0.3231025924219286
6221 1 0.5616585618379739
6222 1 0.5876963045945551
6223 1 0.5771928359760748
6224 1 0.5421408335747077
6225 1 0.6086589139948816
6226 1 0.5331576956294474
6227 1 0.4393037819475479
6228 1 0.4203578066484151
6229 1 0.5089451398635569
6230 1 0.7151961639420398
6231 1 0.4503968944097643
6232 1 0.36005642000787363
6233 1 0.6416710177728672
6234 1 0.40242115928588373
6235 1 0.5732391121608369
6236 1 0.5724590675914804
6237 1 0.55740191861277
6238 1 0.37972419869841845
6239 1 0.5732701955881346
6240 1 0.49903011062299146
6241 1 0.4459535043473102
6242 1 0.4590918740994046
6243 1 0.45559720457355224
6244 1 0.6249529578512426
6245 1 0.4342608921108148
6246 1 0.44273904937122666
6247 1 0.5430785483499367
6248 1 0.572357994244452
6249 1 0.4177768288644317
6250 1 0.4132444278625982
6251 1 0.3657207759360291
6252 1 0.5311887417901345
6253 1 0.2945618326857735
6254 1 0.2609225513797739
6255 1 0.4850106057597432
6256 1 0.5028971789048409
6257 1 0.36944988226773684
6258 1 0.5653804263986666
6259 1 0.43987549137008924
6260 1 0.6514358970228957
6261 1 0.5252562509146281
6262 1 0.36883491718559624
6263 1 0.2678883241688317
6264 1 0.4685213322210784
6265 1 0.24271699780131015
6266 1 0.5128057498457116
6267 1 0.4817697737309837
6268 1 0.31945532625634004
6269 1 0.34300614273159086
6270 1 0.5625191666725138
6271 1 0.41690635645127955
6272 1 0.5628926259574769
6273 1 0.43201099349872907
6274 1 0.49561356192383255
6275 1 0.5498607531152927
6276 1 0.6158671183252825
6277 1 0.47251422266896054
6278 1 0.6719568238423554
6279 1 0.44289396203538645
6280 1 0.6420553266796086
6281 1 0.30876757797259724
6282 1 0.33937594181936753
6283 1 0.5363426385582334
6284 1 0.523469592963461
6285 1 0.4532029281438823
6286 1 0.4391556093554233
6287 1 0.4538998426621247
6288 1 0.5761262966063121
6289 1 0.704594276349631
6290 1 0.5706590778704577
6291 1 0.35379718082352746
6292 1 0.47473072543467965
6293 1 0.49975814212606434
6294 1 0.40653574626462635
6295 1 0.44844789426764037
6296 1 0.5954091279649899
6297 1 0.4435612130814318
6298 1 0.47051939597196657
6299 1 0.7605938810008507
6300 1 0.3171284433363115
6301 1 0.4986483778808853
6302 1 0.6654101211265158
6303 1 0.5766468257995168
6304 1 0.46260430498942373
6305 1 0.7063695291770532
6306 1 0.33403767442013277
6307 1 0.4328349998225457
6308 1 0.4406585325439119
6309 1 0.48245797798948836
6310 1 0.371882539362716
6311 1 0.48981517831957144
6312 1 0.4567654204939262
6313 1 0.43141157387425966
6314 1 0.3174669004506999
6315 1 0.4277684835414749
6316 1 0.46965337811327396
6317 1 0.30660988880422285
6318 1 0.46883517668793756
6319 1 0.40232478732144755
6320 1 0.6968891720437131
6321 1 0.5837891655680245
6322 1 0.45017056604673855
6323 1 0.3248587579466417
6324 1 0.4699314275088488
6325 1 0.48050947594098964
6326 1 0.3585593086512398
6327 1 0.48066894716022657
6328 1 0.29466437479885943
6329 1 0.39463879444638233
6330 1 0.584302379496444
6331 1 0.3696785130657721
6332 1 0.5957348750945493
6333 1 0.7171925071067081
6334 1 0.3983127607598994
6335 1 0.5537184929577325
6336 1 0.435551670124524
6337 1 0.6281908656599662
6338 1 0.6021142555151844
6339 1 0.41094950779909123
6340 1 0.5649933957264247
6341 1 0.41190052522400283
6342 1 0.546223943033145
6343 1 0.5549977496443397
6344 1 0.34758884009617774
6345 1 0.6549997754931729
6346 1 0.31607855931881274
6347 1 0.6306249965130325
6348 1 0.45557995378308497
6349 1 0.515596832451022
6350 1 0.3590369868165818
6351 1 0.5118500604357157
6352 1 0.7627157429270829
6353 1 0.49461651160682535
6354 1 0.5359935154178237
6355 1 0.4385465395829665
6356 1 0.3562389713914248
6357 1 0.4327375598410991
6358 1 0.6811000392611206
6359 1 0.43567818840135825
6360 1 0.3266532228775146
6361 1 0.40663763774984774
6362 1 0.5039966903531197
6363 1 0.5216061650842911
6364 1 0.5600229701921196
6365 1 0.6745168639446386
6366 1 0.5250647727426077
6367 1 0.5686306786647143
6368 1 0.5234383689273278
6369 1 0.6415281586416369
6370 1 0.47085862879229584
6371 1 0.40475481611281494
6372 1 0.48751966780989064
6373 1 0.6746726754514708
6374 1 0.5150139087112022
6375 1 0.4698120253702833
6376 1 0.42561456252348273
6377 1 0.3923756891425173
6378 1 0.5021315704532328
6379 1 0.5050066752962902
6380 1 0.3259850069830715
6381 1 0.43540272515447814
6382 1 0.5367875720597434
6383 1 0.4841576611947042
6384 1 0.41205071820146166
6385 1 0.27656373011020663
6386 1 0.34603250912378763
6387 1 0.6615800676351957
6388 1 0.46672637391127486
6389 1 0.6859723148364284
6390 1 0.6407309503649969
6391 1 0.5998604830880887
6392 1 0.36121428245874937
6393 1 0.6496837145831751
6394 1 0.4396813726917179
6395 1 0.5190514692270852
6396 1 0.6170777179640764
6397 1 0.6096330650398705
6398 1 0.3741359934092539
6399 1 0.5309370450417575
6400 1 0.5595565576510273
6401 1 0.431524021283515
6402 1 0.6037550674373797
6403 1 0.641372402879136
6404 1 0.38934416986637993
6405 1 0.39037148353114726
6406 1 0.5516886640901636
6407 1 0.44643456988210595
6408 1 0.27918622688214045
6409 1 0.639189619609706
6410 1 0.35301220634755454
6411 1 0.4414263793661489
6412 1 0.5447772628240654
6413 1 0.38215056971872585
6414 1 0.5786118936210805
6415 1 0.3603988416258105
6416 1 0.5059256147706632
6417 1 0.32829544061072685
6418 1 0.38208364102251197
6419 1 0.617424375596508
6420 1 0.35317851609274475
6421 1 0.5487038907343572
6422 1 0.5078157785739741
6423 1 0.44969809761900825
6424 1 0.4031123426767505
6425 1 0.5105938195018187
6426 1 0.4720082987678428
6427 1 0.47796892610914266
6428 1 0.4893031291980706
6429 1 0.43255560618431954
6430 1 0.40020538313781395
6431 1 0.5070131264889988
6432 1 0.4845121202601419
6433 1 0.36786700312698756
6434 1 0.3008273795769199
6435 1 0.41934913239036326
6436 1 0.38566320666863557
6437 1 0.43081607521174675
6438 1 0.6207907366482259
6439 1 0.5547597637827367
6440 1 0.5845206756837599
6441 1 0.3274581116691091
6442 1 0.4690482159906949
6443 1 0.5096333174979034
6444 1 0.4157898280059221
6445 1 0.328273550006033
6446 1 0.3886516552676058
6447 1 0.32943974859175756
6448 1 0.4932913057832865
6449 1 0.413523795986006
6450 1 0.2813907570967442
6451 1 0.6058621377024184
6452 1 0.4979239977701679
6453 1 0.5580144376003812
6454 1 0.6355719955615208
6455 1 0.462145325025813
6456 1 0.4956575863559984
6457 1 0.48301452273528694
6458 1 0.5974295926169364
6459 1 0.45421023930050414
6460 1 0.37627946666385453
6461 1 0.6756089558501798
6462 1 0.3455471085659089
6463 1 0.6862601411220768
6464 1 0.5880324157323422
6465 1 0.47879504572551196
6466 1 0.364763683211031
6467 1 0.5822887763892544
6468 1 0.5228034640147474
6469 1 0.5099444346525627
6470 1 0.6309981826230395
6471 1 0.5152217673965208
6472 1 0.4254042363888413
6473 1 0.6434487624550908
6474 1 0.6359076271871262
6475 1 0.34426920832469204
6476 1 0.672405206281685
6477 1 0.5506729674330664
6478 1 0.4802075782330925
6479 1 0.33805541574629244
6480 1 0.43601347862760237
6481 1 0.6291764398554734
6482 1 0.47432706048763257
6483 1 0.41769994245573705
6484 1 0.5763521307584023
6485 1 0.6676320907193737
6486 1 0.35155695177287755
6487 1 0.5384784041190512
6488 1 0.6480225792762616
6489 1 0.4914672217538137
6490 1 0.3400297382361609
6491 1 0.4807425998430466
6492 1 0.3600338845993497
6493 1 0.5740750050619249
6494 1 0.6093745680377675
6495 1 0.550039983897232
6496 1 0.7846427750159463
6497 1 0.4086054312196014
6498 1 0.43030227804786286
6499 1 0.45845274260171887
6500 1 0.5519739261365807
6501 1 0.6336960892722309
6502 1 0.688627619227235
6503 1 0.5000991501676048
6504 1 0.6934739814539546
6505 1 0.6097884447361376
6506 1 0.45319849272553653
6507 1 0.3224604260475495
6508 1 0.6310667503689891
6509 1 0.5099149314799847
6510 1 0.39402011834486544
6511 1 0.3471659042506642
6512 1 0.4333389890348383
6513 1 0.5134669022955322
6514 1 0.6408167478239554
6515 1 0.3756433259466002
6516 1 0.5433736341560389
6517 1 0.4718850258649521
6518 1 0.41783243120003516
6519 1 0.7758542435812883
6520 1 0.6052772934178577
6521 1 0.4133027397609627
6522 1 0.3890057305014303
6523 1 0.49738243632403456
6524 1 0.4947407745955969
6525 1 0.5423452405488569
6526 1 0.3904083615955312
6527 1 0.35709269332641475
6528 1 0.506326847767265
6529 1 0.37937087421038657
6530 1 0.3920632662947689
6531 1 0.5486553304885828
6532 1 0.5424506572390173
6533 1 0.44901530083795677
6534 1 0.287455118536877
6535 1 0.47797535833934907
6536 1 0.4986279979198311
6537 1 0.563580336559716
6538 1 0.5179320842314269
6539 1 0.6018494965665531
6540 1 0.6735869883199731
6541 1 0.4279932047482877
6542 1 0.4031391157637789
6543 1 0.5226722232778622
6544 1 0.5566884275053984
6545 1 0.343962818344778
6546 1 0.47265341293573154
6547 1 0.4753658025722831
6548 1 0.32875335865869654
6549 1 0.4188819610607637
6550 1 0.6614677342106174
6551 1 0.39229774054084676
6552 1 0.4246150414291327
6553 1 0.3908694942332618
6554 1 0.3009668796268642
6555 1 0.40248177223258275
6556 1 0.4769777760938489
6557 1 0.47650829567320024
6558 1 0.24384735416880352
6559 1 0.3823200826829427
6560 1 0.44363995624782193
6561 1 0.25012756764306737
6562 1 0.7822956374902748
6563 1 0.5190391314258004
6564 1 0.3977938340082131
6565 1 0.5516460460236849
6566 1 0.2714692357216164
6567 1 0.5067307173875278
6568 1 0.4899652403949194
6569 1 0.418775728173755
6570 1 0.6661711477269082
6571 1 0.5225728092260233
6572 1 0.356071166256019
6573 1 0.5067453057621808
6574 1 0.44443041807372224
6575 1 0.5244694787533106
6576 1 0.32202186764524
6577 1 0.4301839405982882
6578 1 0.5848448963615858
6579 1 0.47682526903331146
6580 1 0.12029513668043094
6581 1 0.37460324072863815
6582 1 0.357769440876868
6583 1 0.38301274898395105
6584 1 0.49243361019269366
6585 1 0.543008478557732
6586 1 0.22485115627802219
6587 1 0.3975433109414742
6588 1 0.6579026013542227
6589 1 0.5271210676873812
6590 1 0.4729297863960182
6591 1 0.48717532620188264
6592 1 0.5114757009214054
6593 1 0.46177620298261257
6594 1 0.5213073358106199
6595 1 0.37801714309741147
6596 1 0.47129409324556104
6597 1 0.3967769556267633
6598 1 0.41058786021095467
6599 1 0.6298638628613374
6600 1 0.4005357049078795
6601 1 0.354463725774712
6602 1 0.2922297511215324
6603 1 0.3788881524310862
6604 1 0.6202640974880623
6605 1 0.33747940790888575
6606 1 0.7430213184462658
6607 1 0.5198439278648463
6608 1 0.9338725966523936
6609 1 0.49151633833355934
6610 1 0.2916496720066095
6611 1 0.40271303882227427
6612 1 0.4765440344454837
6613 1 0.5908451950851948
6614 1 0.3271617265486226
6615 1 0.47489287238180994
6616 1 0.6248720251251803
6617 1 0.5206327961239479
6618 1 0.35033573353234393
6619 1 0.46054809574115924
6620 1 0.6391941318498414
6621 1 0.36855408528816036
6622 1 0.3825103672052063
6623 1 0.8289779066698139
6624 1 0.39788633742700397
6625 1 0.6182510961977805
6626 1 0.38731581170621365
6627 1 0.47919894474328273
6628 1 0.5086872801772395
6629 1 0.22297530878374822
6630 1 0.4069998383439357
6631 1 0.5857387689137313
6632 1 0.512605251908115
6633 1 0.3534121988247878
6634 1 0.5166583348628656
6635 1 0.4406603987309967
6636 1 0.3214874631056179
6637 1 0.7971528304439409
6638 1 0.7515776359149383
6639 1 0.4912089147261724
6640 1 0.43114036716466275
6641 1 0.6200977056517178
6642 1 0.5585173651743679
6643 1 0.39902430331169686
6644 1 0.5358490646611396
6645 1 0.39554115733162615
6646 1 0.4263669262884192
6647 1 0.5532162057502161
6648 1 0.5417923591208178
6649 1 0.610191489562168
6650 1 0.45017008071052245
6651 1 0.37066192820845506
6652 1 0.6012683835468221
6653 1 0.5167808104276868
6654 1 0.4539200687022644
6655 1 0.6490827438241586
6656 1 0.5020575611176277
6657 1 0.5085533193388639
6658 1 0.4247850669083938
6659 1 0.38337193910682393
6660 1 0.30909962337956765
6661 1 0.47986910115058545
6662 1 0.42023848244097917
6663 1 0.4383436554551963
6664 1 0.6028537905959203
6665 1 0.3135193171092689
6666 1 0.3313914996195547
6667 1 0.40735374107540206
6668 1 0.47878352606242003
6669 1 0.38316049420287057
6670 1 0.5227349348183602
6671 1 0.5565249210621928
6672 1 0.2049341238829449
6673 1 0.44952189339371296
6674 1 0.4197134842718963
6675 1 0.24260032630296427
6676 1 0.4598735785186205
6677 1 0.6809748241813603
6678 1 0.40881963505194246
6679 1 0.5641727523665836
6680 1 0.5633156200433366
6681 1 0.3838766862756187
6682 1 0.25638968695118775
6683 1 0.256395592522266
6684 1 0.2812381823664715
6685 1 0.7220533589768274
6686 1 0.38117074134934775
6687 1 0.5561351908112492
6688 1 0.46134968369181384
6689 1 0.3925514643305976
6690 1 0.33550878284897945
6691 1 0.3673822648450427
6692 1 0.3231019453994187
6693 1 0.5891472676877415
6694 1 0.5816650644391584
6695 1 0.4715641748071414
6696 1 0.4087416881142818
6697 1 0.5670796079049024
6698 1 0.5157211481334398
6699 1 0.4500204737418777
6700 1 0.5156457022026346
6701 1 0.38098415259303653
6702 1 0.5624366769878699
6703 1 0.4501794856943867
6704 1 0.40205162928292665
6705 1 0.5489130173952073
6706 1 0.3921243448869006
6707 1 0.5417315733944257
6708 1 0.3093897052306136
6709 1 0.2916826282770319
6710 1 0.4967363997400003
6711 1 0.5680561074225076
6712 1 0.6166495643382367
6713 1 0.6828611086229617
6714 1 0.5708274185397112
6715 1 0.3482856170562696
6716 1 0.5047951824133852
6717 1 0.5637878036480416
6718 1 0.48772540488260696
6719 1 0.3148986162887814
6720 1 0.49733032258515286
6721 1 0.4508307705655952
6722 1 0.4319847257160354
6723 1 0.6538620406285188
6724 1 0.5091728867950087
6725 1 0.41345174408069446
6726 1 0.4026342440715778
6727 1 0.46417816464193185
6728 1 0.6332301931288724
6729 1 0.43674664110515266
6730 1 0.387556088354757
6731 1 0.3683586451086061
6732 1 0.5224464939583947
6733 1 0.5195313122692864
6734 1 0.5169758118633018
6735 1 0.4762768438237418
6736 1 0.3257134888262912
6737 1 0.4430391041881774
6738 1 0.6561615222977878
6739 1 0.7023760116747796
6740 1 0.5538376274680415
6741 1 0.5166129611960192
6742 1 0.3906668059039878
6743 1 0.37123332867982795
6744 1 0.3261033216911777
6745 1 0.44771620305216275
6746 1 0.43171216533439793
6747 1 0.3749034625012472
6748 1 0.3643935868900435
6749 1 0.395575841398978
6750 1 0.5839554525717463
6751 1 0.6230432424864649
6752 1 0.424369061386712
6753 1 0.5335130241400495
6754 1 0.473883280976977
6755 1 0.4498745703045649
6756 1 0.6242462553495278
6757 1 0.26741523922543936
6758 1 0.5023633612060378
6759 1 0.3981208532733289
6760 1 0.3436426586830741
6761 1 0.5534146103633785
6762 1 0.47570302804202236
6763 1 0.533647042664101
6764 1 0.5623805330170493
6765 1 0.6233360499857009
6766 1 0.47540738978463876
6767 1 0.31101598147180237
6768 1 0.4740238304624881
6769 1 0.7354496605223342
6770 1 0.40504922355755435
6771 1 0.6201744137340198
6772 1 0.4523541924145097
6773 1 0.49959978745745953
6774 1 0.45115443407744493
6775 1 0.47497487700757274
6776 1 0.3276522159260614
6777 1 0.6310875721246675
6778 1 0.429549807231624
6779 1 0.5784305542612831
6780 1 0.4311821335354159
6781 1 0.54855123557694
6782 1 0.7454463086157045
6783 1 0.5734928439933022
6784 1 0.483703493825013
6785 1 0.5316026453899979
6786 1 0.2380113841866178
6787 1 0.713082211886791
6788 1 0.6065997866279506
6789 1 0.3625337624242774
6790 1 0.554243353013995
6791 1 0.5335358402115737
6792 1 0.3620699415785792
6793 1 0.5667803079937692
6794 1 0.4434285077385138
6795 1 0.48206430653113447
6796 1 0.3326789959284376
6797 1 0.41279176808586193
6798 1 0.5641490582525106
6799 1 0.4261975586477322
6800 1 0.4752784437173837
6801 1 0.40307730167927847
6802 1 0.6239661567257808
6803 1 0.4293635227117864
6804 1 0.3858819931841972
6805 1 0.42621777137579303
6806 1 0.43180351947702883
6807 1 0.49032710652302075
6808 1 0.5067645591885435
6809 1 0.3688532193529752
6810 1 0.40480018395562695
6811 1 0.608143621163447
6812 1 0.5302428913932478
6813 1 0.4043456640931753
6814 1 0.3809369476833126
6815 1 0.40200601377997697
6816 1 0.38736839885590735
6817 1 0.532698223950916
6818 1 0.551903355200066
6819 1 0.5237069933709197
6820 1 0.5069955115577018
6821 1 0.5299825958737951
6822 1 0.5152162833746131
6823 1 0.7193781888040208
6824 1 0.3109594481226687
6825 1 0.40390913966561404
6826 1 0.35020010313738476
6827 1 0.5467815915721668
6828 1 0.40833585163433606
6829 1 0.29433582825000515
6830 1 0.3758265475789113
6831 1 0.42086406751153443
6832 1 0.5993754350229704
6833 1 0.628352902782444
6834 1 0.41993902611291684
6835 1 0.5841277535845237
6836 1 0.44253321079390745
6837 1 0.6800843298466142
6838 1 0.5448243340583285
6839 1 0.248242345671777
6840 1 0.41906128641393137
6841 1 0.5482200354869908
6842 1 0.3428512888624471
6843 1 0.28831136200151103
6844 1 0.5435022801468449
6845 1 0.5103963176140182
6846 1 0.5611547381946648
6847 1 0.2993684558604486
6848 1 0.3422317530224901
6849 1 0.25653014075613056
6850 1 0.4396872422092486
6851 1 0.2685159684516183
6852 1 0.48019032993864
6853 1 0.3275256285928169
6854 1 0.32777108474945904
6855 1 0.3461693805927852
6856 1 0.6193688063674907
6857 1 0.40015346852544836
6858 1 0.594483302540382
6859 1 0.5104066383579887
6860 1 0.6558885553430687
6861 1 0.5004328116055075
6862 1 0.4461383126130456
6863 1 0.7642869734439742
6864 1 0.3831912026732746
6865 1 0.7343568711193168
6866 1 0.6397423099539433
6867 1 0.40155474040080896
6868 1 0.6519170058219486
6869 1 0.3953782743374569
6870 1 0.4693075039521627
6871 1 0.7252498925664603
6872 1 0.5080289143893046
6873 1 0.5382511020329085
6874 1 0.5822480375446046
6875 1 0.4077076205107303
6876 1 0.5036202405650602
6877 1 0.36701244807771577
6878 1 0.6408285842035951
6879 1 0.3981250915065034
6880 1 0.5908982323495623
6881 1 0.5563994671970144
6882 1 0.5482241342206701
6883 1 0.4224854238301661
6884 1 0.31200438448411244
6885 1 0.7280622367807283
6886 1 0.46768063865147524
6887 1 0.38706327352350517
6888 1 0.6011863825264142
6889 1 0.3865938674286314
6890 1 0.5082830239520135
6891 1 0.599809919374414
6892 1 0.38568433460213253
6893 1 0.26481349931279835
6894 1 0.6720140996172322
6895 1 0.452594842355937
6896 1 0.3248373035898725
6897 1 0.28302699410109844
6898 1 0.5073124768750985
6899 1 0.438914642697448
6900 1 0.4861873716402361
6901 1 0.5950008747880227
6902 1 0.36046996861896174
6903 1 0.6309591552125555
6904 1 0.4690685837490099
6905 1 0.5831813948326173
6906 1 0.6498335142996312
6907 1 0.4748280919223563
6908 1 0.7173989436182456
6909 1 0.4099929439519013
6910 1 0.46054505836845117
6911 1 0.43193568401673454
6912 1 0.3543104183254204
6913 1 0.4924009570494052
6914 1 0.5525524183407441
6915 1 0.5351445877726445
6916 1 0.416755558328893
6917 1 0.27330108152519317
6918 1 0.4378489736048547
6919 1 0.28994751109067646
6920 1 0.5163614899209812
6921 1 0.3595663311021468
6922 1 0.2712197116154778
6923 1 0.48645443108253206
6924 1 0.36226942613415647
6925 1 0.38343019470618744
6926 1 0.4333133103116436
6927 1 0.6707890702393944
6928 1 0.27105728816537167
6929 1 0.4541730029193252
6930 1 0.4211523533412457
6931 1 0.4763234164097099
6932 1 0.450860320607785
6933 1 0.26345194652136367
6934 1 0.28815729798239215
6935 1 0.5671297475733916
6936 1 0.48283320195693336
6937 1 0.5970820602699758
6938 1 0.5079075417857015
6939 1 0.773218942807967
6940 1 0.4469535398980493
6941 1 0.4497097323761171
6942 1 0.4462402598425981
6943 1 0.4650138914193664
6944 1 0.3824783358469445
6945 1 0.5270848585549706
6946 1 0.5088756807629795
6947 1 0.6193298480134167
6948 1 0.44244720450170855
6949 1 0.43316745707196236
6950 1 0.4504600519049111
6951 1 0.5418129174082645
6952 1 0.48254500903444064
6953 1 0.4528739716939265
6954 1 0.559531431933784
6955 1 0.5256148297912036
6956 1 0.6321552915547728
6957 1 0.49181977968795887
6958 1 0.44546997885123574
6959 1 0.47309593584158943
6960 1 0.41259795364396423
6961 1 0.5971586915304883
6962 1 0.2880189815981453
6963 1 0.4335189347863579
6964 1 0.5431513271502327
6965 1 0.6884845457160648
6966 1 0.3914609496290915
6967 1 0.45118542237884446
6968 1 0.4587052219894114
6969 1 0.39450056708666437
6970 1 0.4092748784813587
6971 1 0.5008229195866947
6972 1 0.6133398631004036
6973 1 0.5040783399901072
6974 1 0.38910879234026996
6975 1 0.5128741414839484
6976 1 0.4932156829127638
6977 1 0.5062310676356776
6978 1 0.37086065453019523
6979 1 0.7019579330741176
6980 1 0.37587095001865556
6981 1 0.4526139030344881
6982 1 0.8148994994620271
6983 1 0.6539254529945129
6984 1 0.14921360891081262
6985 1 0.5194412469023106
6986 1 0.4820128828016846
6987 1 0.346906879202758
6988 1 0.517787288470027
6989 1 0.39801772154607407
6990 1 0.4697508885378056
6991 1 0.5768120700237112
6992 1 0.5082538508080626
6993 1 0.5216917392885899
6994 1 0.5838076896033881
6995 1 0.460567262639008
6996 1 0.5575223022398319
6997 1 0.544746816712553
6998 1 0.5437544439273295
6999 1 0.5081721529147882
7000 1 0.46357256654876317
