5001 1 0.5068255917430684
5002 1 0.47157683376233367
5003 1 0.5158964110838107
5004 1 0.4332195305972718
5005 1 0.42276692410490546
5006 1 0.5306592108581276
5007 1 0.5154927347660295
5008 1 0.5500023878125833
5009 1 0.4334393890125337
5010 1 0.580571413356356
5011 1 0.42258128383422794
5012 1 0.7132171594830277
5013 1 0.4460927681078509
5014 1 0.48160059883810846
5015 1 0.4207322368831455
5016 1 0.5938584360447615
5017 1 0.805873745668968
5018 1 0.32879887903574795
5019 1 0.6222015743617397
5020 1 0.7702056524827736
5021 1 0.469085823168743
5022 1 0.49146140520726417
5023 1 0.6339808066327459
5024 1 0.3414266803578034
5025 1 0.5457509856638438
5026 1 0.2963821305380903
5027 1 0.531545687718344
5028 1 0.5965106805987265
5029 1 0.6090576274031839
5030 1 0.47007790586157655
5031 1 0.40370452718624433
5032 1 0.28858034004720334
5033 1 0.5215978802564136
5034 1 0.3976710830497561
5035 1 0.42025646123577076
5036 1 0.4854883368960668
5037 1 0.4033447047396156
5038 1 0.5834660511794367
5039 1 0.38426647837226313
5040 1 0.4721306284544642
5041 1 0.36752048083402655
5042 1 0.39497313535498774
5043 1 0.4535070733744627
5044 1 0.36533426498954097
5045 1 0.5477982519683219
5046 1 0.5382148099773386
5047 1 0.4388603737884315
5048 1 0.6328892388903182
5049 1 0.6105520763440034
5050 1 0.31914443346567994
5051 1 0.43923610389221623
5052 1 0.41803861422740035
5053 1 0.5763302393217036
5054 1 0.49270401457219143
5055 1 0.6446941354631002
5056 1 0.6579832811507829
5057 1 0.3994826953251485
5058 1 0.3948376480648786
5059 1 0.46979622226841505
5060 1 0.49469137735285074
5061 1 0.3942769829532721
5062 1 0.5173588100849248
5063 1 0.44176088473439773
5064 1 0.6616039960973276
5065 1 0.3800545864742093
5066 1 0.4866142045968981
5067 1 0.7135017789442946
5068 1 0.5738227406088424
5069 1 0.3734060613295586
5070 1 0.3648636877090438
5071 1 0.5034814812768492
5072 1 0.45441799065718497
5073 1 0.38643907873320804
5074 1 0.5554155758701695
5075 1 0.5330622682679553
5076 1 0.4953696871312502
5077 1 0.4897929529715558
5078 1 0.49064905749136467
5079 1 0.30143044449237516
5080 1 0.5501666463882562
5081 1 0.35331951985295423
5082 1 0.30554772688979503
5083 1 0.5580586545030235
5084 1 0.32042836130536667
5085 1 0.45671695398737516
5086 1 0.3580127521247698
5087 1 0.5171505941921513
5088 1 0.36831360784909106
5089 1 0.2988981786564006
5090 1 0.5557024869503817
5091 1 0.5415498446563155
5092 1 0.2923149584116519
5093 1 0.4155245576515863
5094 1 0.3295245670582342
5095 1 0.5855667907188715
5096 1 0.36784450515868605
5097 1 0.5227461006020167
5098 1 0.34185425324419366
5099 1 0.40585004634099725
5100 1 0.4275939252992899
5101 1 0.5772025898473447
5102 1 0.568193438712903
5103 1 0.3696942573726245
5104 1 0.5569954240169152
5105 1 0.5943165274270942
5106 1 0.52835318436065
5107 1 0.53227883605181
5108 1 0.5277670757059125
5109 1 0.5407474743436804
5110 1 0.5616164671026036
5111 1 0.5141072524031229
5112 1 0.33378254925672474
5113 1 0.483687988580914
5114 1 0.4827655732672283
5115 1 0.48795151997503255
5116 1 0.47881771980152615
5117 1 0.4531901479933033
5118 1 0.42530230496738275
5119 1 0.4551474759502266
5120 1 0.4456705635946813
5121 1 0.3739597769812194
5122 1 0.3804560280267165
5123 1 0.6687278029557524
5124 1 0.3560215249584898
5125 1 0.4627104943348404
5126 1 0.36929680195579434
5127 1 0.4464252209199079
5128 1 0.3418128510142703
5129 1 0.5317271413401533
5130 1 0.5036340493510825
5131 1 0.5058957186144176
5132 1 0.637275088600324
5133 1 0.4828676952178186
5134 1 0.5345543606934441
5135 1 0.338274846788349
5136 1 0.4402641646974216
5137 1 0.5461114337781889
5138 1 0.5094351197766364
5139 1 0.4304051296667873
5140 1 0.4842750038437033
5141 1 0.48724282648549155
5142 1 0.4396455554336349
5143 1 0.4128118870746992
5144 1 0.7523950779970977
5145 1 0.3711715573049146
5146 1 0.48407571564129226
5147 1 0.49072717748605327
5148 1 0.459700776084198
5149 1 0.3882993505402979
5150 1 0.5967396453080784
5151 1 0.5347172847331904
5152 1 0.3712545062562864
5153 1 0.4034194981012111
5154 1 0.6685027963712447
5155 1 0.3541466137471106
5156 1 0.5640865499985536
5157 1 0.5010054157106965
5158 1 0.3324504988058631
5159 1 0.48386628307995855
5160 1 0.6012315368212913
5161 1 0.3315935883506004
5162 1 0.4356359688652468
5163 1 0.6006066134719998
5164 1 0.29366929494688976
5165 1 0.6087422334657877
5166 1 0.6916111900585653
5167 1 0.6455449847623604
5168 1 0.43651833589838457
5169 1 0.32155935110595596
5170 1 0.4084350776530582
5171 1 0.47859742070098
5172 1 0.35667896694360407
5173 1 0.6062066568048139
5174 1 0.7551958659400563
5175 1 0.5049807228434695
5176 1 0.4259842683568175
5177 1 0.438278856414299
5178 1 0.22036998903117685
5179 1 0.6553831206608568
5180 1 0.4968767512083351
5181 1 0.5813512324523732
5182 1 0.7459975662474316
5183 1 0.39923128866916124
5184 1 0.33327383952572603
5185 1 0.5818334711141373
5186 1 0.3946303071639691
5187 1 0.4607795825348254
5188 1 0.34637548319300604
5189 1 0.5535378075538194
5190 1 0.5192464950681784
5191 1 0.29050713647344023
5192 1 0.40529182649191553
5193 1 0.5299915862418634
5194 1 0.3504016629906224
5195 1 0.4911636630867172
5196 1 0.5137564655301643
5197 1 0.6428178023552751
5198 1 0.548982415759424
5199 1 0.5288375873446032
5200 1 0.7257416368846868
5201 1 0.49974567536401354
5202 1 0.35264431816768316
5203 1 0.4887989012003595
5204 1 0.4267495964227601
5205 1 0.46816143406199984
5206 1 0.5968657381530525
5207 1 0.4783108912337014
5208 1 0.4476108210288748
5209 1 0.6507158350178273
5210 1 0.6043411508546339
5211 1 0.4869930236576973
5212 1 0.36848536445330143
5213 1 0.49033233900210077
5214 1 0.5437427703433234
5215 1 0.3630559914035784
5216 1 0.43819478952562
5217 1 0.5225746682023986
5218 1 0.5447799513093678
5219 1 0.38625002641026357
5220 1 0.30609468777066684
5221 1 0.5863432532296178
5222 1 0.4525590741861457
5223 1 0.3733746054413816
5224 1 0.33349686566113707
5225 1 0.24332989812451972
5226 1 0.5816593776853798
5227 1 0.5354256024338326
5228 1 0.7103541955334188
5229 1 0.36877078874068214
5230 1 0.37006650803174174
5231 1 0.6396543917143878
5232 1 0.5028856154228221
5233 1 0.4577817239599612
5234 1 0.4662157741423831
5235 1 0.662662950078034
5236 1 0.5856172806614414
5237 1 0.730205723624743
5238 1 0.6311026760650494
5239 1 0.4195610540331485
5240 1 0.6108741010834524
5241 1 0.3038952424929335
5242 1 0.5595637034641389
5243 1 0.5190641193075584
5244 1 0.4287152150315953
5245 1 0.5446795904359049
5246 1 0.5229721458060272
5247 1 0.5281006539433211
5248 1 0.6621155376958137
5249 1 0.4170704893942065
5250 1 0.43871788684074553
5251 1 0.7056577611519166
5252 1 0.4577029267132498
5253 1 0.39054503060999285
5254 1 0.5254394481414608
5255 1 0.3235878887018546
5256 1 0.3809916159547012
5257 1 0.6635952917653477
5258 1 0.4945806630098896
5259 1 0.48655503406943323
5260 1 0.4653188029264985
5261 1 0.5814916965187104
5262 1 0.52478604664968
5263 1 0.4402499069060655
5264 1 0.4108102110356878
5265 1 0.568275912589453
5266 1 0.4409219688820205
5267 1 0.4765259591381189
5268 1 0.5175676788242427
5269 1 0.27819064949121547
5270 1 0.2997626001749445
5271 1 0.3982245640760233
5272 1 0.41415079407828786
5273 1 0.44526989552943524
5274 1 0.5128261894337866
5275 1 0.3872602240693641
5276 1 0.4191038867309713
5277 1 0.3915871581227524
5278 1 0.5775734771276971
5279 1 0.5042789330536022
5280 1 0.6014319263209104
5281 1 0.502310890814371
5282 1 0.526155871234248
5283 1 0.39229118184588907
5284 1 0.3031874386940105
5285 1 0.36705955370151666
5286 1 0.6131591341548986
5287 1 0.5091808629490527
5288 1 0.4694659942375731
5289 1 0.4379009719723845
5290 1 0.7591338290856781
5291 1 0.5266790628432669
5292 1 0.8123006590866091
5293 1 0.5667136946274284
5294 1 0.4369832197690636
5295 1 0.4430821518465411
5296 1 0.6147902604302291
5297 1 0.4916106336136603
5298 1 0.29505704812861794
5299 1 0.48678057230509914
5300 1 0.3733240922026733
5301 1 0.443220064708391
5302 1 0.40729368973203883
5303 1 0.5114594673956473
5304 1 0.5455534915414229
5305 1 0.29658900856691717
5306 1 0.4582394761616124
5307 1 0.714594925000097
5308 1 0.33381896583570075
5309 1 0.5430899415482776
5310 1 0.4744577726240445
5311 1 0.8401674127285949
5312 1 0.6724886915989094
5313 1 0.3821305034235348
5314 1 0.6371048509598027
5315 1 0.7616746127109137
5316 1 0.6939750678010046
5317 1 0.2197202982814372
5318 1 0.4236694980420694
5319 1 0.516300403840805
5320 1 0.5313672054635175
5321 1 0.5211966661185906
5322 1 0.5014106839312669
5323 1 0.5316067197181987
5324 1 0.6145826230582254
5325 1 0.5126025997536949
5326 1 0.33753349377681496
5327 1 0.3286849240335377
5328 1 0.586024096133869
5329 1 0.42300823327158166
5330 1 0.464736666263354
5331 1 0.40913474139296374
5332 1 0.3454410132370507
5333 1 0.3876864177688956
5334 1 0.28606998922140087
5335 1 0.26649807885496724
5336 1 0.4294242238510095
5337 1 0.30525113460007797
5338 1 0.40133091498598367
5339 1 0.5706027272850764
5340 1 0.42342146849414164
5341 1 0.5208163355821467
5342 1 0.40682908042299065
5343 1 0.4248085998908432
5344 1 0.45465611629561836
5345 1 0.3658692200390998
5346 1 0.45905878054816684
5347 1 0.6479671860512335
5348 1 0.41089986123219746
5349 1 0.6090481791550626
5350 1 0.3382046782648911
5351 1 0.5424452799910772
5352 1 0.5224488734925289
5353 1 0.6534944577944611
5354 1 0.4753169430820645
5355 1 0.3950338353848707
5356 1 0.39772078730232585
5357 1 0.5726350144499135
5358 1 0.7610837727214064
5359 1 0.47545433289014094
5360 1 0.7560537398570418
5361 1 0.6230250764905613
5362 1 0.4740442553518092
5363 1 0.48053517629631287
5364 1 0.6137393505506369
5365 1 0.2378021945707271
5366 1 0.6265064353240168
5367 1 0.3930456164711261
5368 1 0.43185799472327085
5369 1 0.4006677213507055
5370 1 0.4655586854820342
5371 1 0.555058332638861
5372 1 0.5283050304106223
5373 1 0.32484397682417726
5374 1 0.45266523718473917
5375 1 0.48950081079893853
5376 1 0.34898060465106623
5377 1 0.37113729922409294
5378 1 0.5076680943687504
5379 1 0.623740319245671
5380 1 0.35661187184640186
5381 1 0.4760056947998208
5382 1 0.4439349255732321
5383 1 0.5375002261701433
5384 1 0.6012476533116875
5385 1 0.4672996838339897
5386 1 0.5766465676006498
5387 1 0.7069285616176285
5388 1 0.5486639999800783
5389 1 0.4354112446077492
5390 1 0.705117365344707
5391 1 0.4973011965881486
5392 1 0.5412396263443285
5393 1 0.4533126030353359
5394 1 0.5891896469688019
5395 1 0.34070529823822704
5396 1 0.6560773441977816
5397 1 0.4473794937028225
5398 1 0.4228508772862423
5399 1 0.39853539585298764
5400 1 0.5408082231845202
5401 1 0.42405021573814644
5402 1 0.4104244300348687
5403 1 0.7542871523610903
5404 1 0.36882169607239795
5405 1 0.6343477943059351
5406 1 0.6193635134293846
5407 1 0.23446671449177134
5408 1 0.34325588149500447
5409 1 0.5064324838293951
5410 1 0.2907336830990958
5411 1 0.37469504526327774
5412 1 0.7239930833731881
5413 1 0.41639985957609166
5414 1 0.39803248519643486
5415 1 0.5526090229649677
5416 1 0.39697843810354133
5417 1 0.5619140322834328
5418 1 0.40762077944023967
5419 1 0.724436366731563
5420 1 0.4158943003704734
5421 1 0.46570284586899363
5422 1 0.6099063104389102
5423 1 0.5664786288258367
5424 1 0.5781243304050225
5425 1 0.33180973768783084
5426 1 0.730710164615719
5427 1 0.5210661275938765
5428 1 0.5002442374080696
5429 1 0.4713848427979341
5430 1 0.5599986933972521
5431 1 0.4393694509882795
5432 1 0.4830030932060638
5433 1 0.5176672556717153
5434 1 0.5613968799209528
5435 1 0.19370480916103927
5436 1 0.5130398186280476
5437 1 0.7185044848836741
5438 1 0.3836824868927681
5439 1 0.7678086329328099
5440 1 0.39251012283703485
5441 1 0.38457098247430865
5442 1 0.609886576668361
5443 1 0.460460619850898
5444 1 0.33369068648173916
5445 1 0.42017733396043233
5446 1 0.3857694853159159
5447 1 0.2941040330598406
5448 1 0.3458312260508607
5449 1 0.5023798545946728
5450 1 0.35456571515918145
5451 1 0.5219418272167443
5452 1 0.2987339467048856
5453 1 0.6480910080773858
5454 1 0.5290794334318022
5455 1 0.3278396128365065
5456 1 0.568027414622743
5457 1 0.3212249810771777
5458 1 0.34245656491784154
5459 1 0.47229169795519466
5460 1 0.4793672915139059
5461 1 0.41676837259167454
5462 1 0.3558208570145501
5463 1 0.3641357721319929
5464 1 0.46439501702333824
5465 1 0.39823864492766164
5466 1 0.6538955715370212
5467 1 0.5234157558650094
5468 1 0.4784241276609767
5469 1 0.33678176926900893
5470 1 0.4988398005859096
5471 1 0.4068023156560116
5472 1 0.48785907174590293
5473 1 0.3945658409250485
5474 1 0.38729527865625024
5475 1 0.3666535278017791
5476 1 0.45874499404431857
5477 1 0.37759156730021703
5478 1 0.4958154321149135
5479 1 0.5100514634909659
5480 1 0.5340606467421851
5481 1 0.7961478835680292
5482 1 0.30758676050537204
5483 1 0.5183365858981107
5484 1 0.6745968720358756
5485 1 0.616611219171805
5486 1 0.6319552598172787
5487 1 0.46678794532766726
5488 1 0.5618362631174949
5489 1 0.43565512161901143
5490 1 0.5167629406255427
5491 1 0.29052899906730106
5492 1 0.45342328520743935
5493 1 0.611110787076001
5494 1 0.5128792047886904
5495 1 0.4051642884543572
5496 1 0.5068645550891719
5497 1 0.3121588284521549
5498 1 0.7012794139078077
5499 1 0.3416067348246353
5500 1 0.5760252082831949
5501 1 0.35145705488083717
5502 1 0.5943523876720991
5503 1 0.4853809272767351
5504 1 0.6426884846591459
5505 1 0.3946859788333177
5506 1 0.5112843436674366
5507 1 0.32992731291715544
5508 1 0.4174620029090758
5509 1 0.4654729942423735
5510 1 0.26914906930014953
5511 1 0.2906166854548127
5512 1 0.5304580642340112
5513 1 0.5972825898237603
5514 1 0.5536774784421118
5515 1 0.38600759736493523
5516 1 0.5078132919885374
5517 1 0.39023649239331853
5518 1 0.5500075354271592
5519 1 0.5419996589761502
5520 1 0.5570654685716367
5521 1 0.43439833156185276
5522 1 0.521088741210865
5523 1 0.31042500115079447
5524 1 0.6541006374590844
5525 1 0.4408275119156259
5526 1 0.5955373965028873
5527 1 0.4352376173790941
5528 1 0.6226026392933429
5529 1 0.44997248563816844
5530 1 0.6083533363291259
5531 1 0.31836346953086253
5532 1 0.4615496239087644
5533 1 0.36374857810944744
5534 1 0.49971577782109294
5535 1 0.2950914981252461
5536 1 0.6389629578900335
5537 1 0.46210859478097377
5538 1 0.36125472344562987
5539 1 0.7838609876735713
5540 1 0.6277834536399951
5541 1 0.3522051926153382
5542 1 0.5176792942285561
5543 1 0.39188536200604207
5544 1 0.6122893592392229
5545 1 0.5096785780120778
5546 1 0.4827775882505955
5547 1 0.5390365194128455
5548 1 0.4631975602892779
5549 1 0.25683008436175386
5550 1 0.8309412735959412
5551 1 0.5948342144914169
5552 1 0.45157489581759597
5553 1 0.45034583287979923
5554 1 0.5246343458019312
5555 1 0.5376947874751439
5556 1 0.5131930123699973
5557 1 0.3772795027692636
5558 1 0.7685201419270746
5559 1 0.35439713653651456
5560 1 0.4280767729886714
5561 1 0.2751921261444026
5562 1 0.5949012100253611
5563 1 0.7611634377492721
5564 1 0.4622828008077335
5565 1 0.305799583660456
5566 1 0.4692521412339825
5567 1 0.6706112117109393
5568 1 0.5405725023177043
5569 1 0.31708513692441076
5570 1 0.5999502910882025
5571 1 0.35250573526451995
5572 1 0.4310886735882766
5573 1 0.6831218434410237
5574 1 0.3443164792401414
5575 1 0.38804058923795837
5576 1 0.4117551969794399
5577 1 0.4053559274806665
5578 1 0.43009753743973217
5579 1 0.3578458039544541
5580 1 0.6519198987031319
5581 1 0.3420716422687877
5582 1 0.49587739706964346
5583 1 0.5163873239517651
5584 1 0.2822571956726026
5585 1 0.5173226203659628
5586 1 0.3624656852839086
5587 1 0.516171341015523
5588 1 0.49052790204105146
5589 1 0.434418222304001
5590 1 0.5764085994884854
5591 1 0.4848185756911113
5592 1 0.3165898962440832
5593 1 0.30195818328573715
5594 1 0.2994841378275835
5595 1 0.6556604243026686
5596 1 0.6051838478921375
5597 1 0.38396228266671617
5598 1 0.6922442717709829
5599 1 0.5493625197131887
5600 1 0.47581222674931417
5601 1 0.42944964132465235
5602 1 0.5423612852094931
5603 1 0.3321202863057799
5604 1 0.44806114564507393
5605 1 0.5612318825248912
5606 1 0.4336506505980649
5607 1 0.34800776429119606
5608 1 0.7599576837072604
5609 1 0.6202984096492051
5610 1 0.4385272972500031
5611 1 0.5308443777179932
5612 1 0.29537516022615967
5613 1 0.47286795428474393
5614 1 0.6736910416313687
5615 1 0.6156005347898132
5616 1 0.23722046836335411
5617 1 0.48172081578684706
5618 1 0.5550481308715972
5619 1 0.5950968942596983
5620 1 0.49832949978412683
5621 1 0.5931957244176798
5622 1 0.4783920197582602
5623 1 0.6007969789760778
5624 1 0.5083143356260005
5625 1 0.29005193325759626
5626 1 0.45340319672544993
5627 1 0.34512087936749997
5628 1 0.3818467367673335
5629 1 0.39656022249939854
5630 1 0.3698514256021819
5631 1 0.5449384377120885
5632 1 0.4676474447049742
5633 1 0.4298934668729145
5634 1 0.574395623435687
5635 1 0.5353201288900012
5636 1 0.46912985092892834
5637 1 0.5215159349803368
5638 1 0.5583874953042923
5639 1 0.4848911071086046
5640 1 0.6310762246865986
5641 1 0.4019472537082836
5642 1 0.5796696350932514
5643 1 0.4189324950995955
5644 1 0.35851982114202274
5645 1 0.6992401406748076
5646 1 0.5607155355431951
5647 1 0.20191106997975736
5648 1 0.5933198551176655
5649 1 0.3317418069803319
5650 1 0.6759478780553306
5651 1 0.6628307438427057
5652 1 0.44451511090745266
5653 1 0.31903748172640145
5654 1 0.4859628936562014
5655 1 0.4063540458146843
5656 1 0.3638774994938892
5657 1 0.5515355338579248
5658 1 0.4583953553381797
5659 1 0.5842336983204874
5660 1 0.36806417609550096
5661 1 0.6034000046136891
5662 1 0.44535715953577126
5663 1 0.44120015916376554
5664 1 0.2430340438231862
5665 1 0.6306667229475483
5666 1 0.5351408476330952
5667 1 0.41857235676842375
5668 1 0.5531694054722289
5669 1 0.43287068368250287
5670 1 0.48641629752269067
5671 1 0.48456913367612703
5672 1 0.46391510215137716
5673 1 0.4891169001452291
5674 1 0.5382739879928478
5675 1 0.5484759643671728
5676 1 0.41009132576294227
5677 1 0.4562684697661078
5678 1 0.5065270886153346
5679 1 0.380865827900871
5680 1 0.6691412791824106
5681 1 0.4331652306267375
5682 1 0.468545189685455
5683 1 0.24182938913703772
5684 1 0.43033792973696244
5685 1 0.515935135367161
5686 1 0.459357265094457
5687 1 0.4230059835302185
5688 1 0.610912218557865
5689 1 0.36824158312260746
5690 1 0.6266420038732751
5691 1 0.3637664199007585
5692 1 0.441564303598733
5693 1 0.6442862492003125
5694 1 0.4446745932200887
5695 1 0.5201344040862348
5696 1 0.42257472513927014
5697 1 0.587668551960375
5698 1 0.560582887885953
5699 1 0.294056477876036
5700 1 0.3465076976530082
5701 1 0.45679778715017966
5702 1 0.6535670100120781
5703 1 0.786541347061201
5704 1 0.5576397868843412
5705 1 0.2338200616694099
5706 1 0.4215941754216075
5707 1 0.6502491315523401
5708 1 0.4464880827759653
5709 1 0.37648628811634527
5710 1 0.2952036712502056
5711 1 0.5666959238338724
5712 1 0.42250181127683867
5713 1 0.257026473581612
5714 1 0.5998831388599942
5715 1 0.41731452393173774
5716 1 0.414579475749931
5717 1 0.6397447430137286
5718 1 0.4896582047791702
5719 1 0.5418555307600487
5720 1 0.38542776563281517
5721 1 0.47252436952389815
5722 1 0.35870571434220255
5723 1 0.3677677368946933
5724 1 0.5789639689923592
5725 1 0.40943196295575196
5726 1 0.5082972451351521
5727 1 0.408192591754059
5728 1 0.5521389321300268
5729 1 0.5934807903882653
5730 1 0.42391286309295745
5731 1 0.5676608166052015
5732 1 0.4767231745388844
5733 1 0.6775014650754222
5734 1 0.5999108155043896
5735 1 0.30650219436186615
5736 1 0.5673227602398604
5737 1 0.4659653301161136
5738 1 0.42958157207096936
5739 1 0.4398941718223818
5740 1 0.6586735826164112
5741 1 0.26994203573826026
5742 1 0.5562399205426625
5743 1 0.25655076088927786
5744 1 0.5112093034777082
5745 1 0.2726959671042307
5746 1 0.4883430967222775
5747 1 0.5468536015998964
5748 1 0.36307247564015915
5749 1 0.3841772882744863
5750 1 0.8115362922637095
5751 1 0.46132161766910557
5752 1 0.42264233718887645
5753 1 0.6155924324483532
5754 1 0.5003872815217317
5755 1 0.5051113664781413
5756 1 0.4047339619089439
5757 1 0.5272101779126835
5758 1 0.48280972749216494
5759 1 0.47703803987580745
5760 1 0.45409664899379343
5761 1 0.5038408267073111
5762 1 0.35377411792387037
5763 1 0.5428401126509952
5764 1 0.3160991514411271
5765 1 0.3662105492345479
5766 1 0.46391163990147855
5767 1 0.4315170438127365
5768 1 0.23546289675028914
5769 1 0.5283335812148766
5770 1 0.5776507146424773
5771 1 0.6719499819883824
5772 1 0.42650779498649305
5773 1 0.5526294317688599
5774 1 0.6357539550423349
5775 1 0.6676718821877295
5776 1 0.3805788067186716
5777 1 0.6419208031285574
5778 1 0.357587824459425
5779 1 0.5559162337346745
5780 1 0.3584981354878796
5781 1 0.8080642668616934
5782 1 0.4117408925958072
5783 1 0.4356667857736283
5784 1 0.36723125289738606
5785 1 0.37406917925238714
5786 1 0.25999449063522173
5787 1 0.41584460582462807
5788 1 0.5041926430477182
5789 1 0.5057195077330827
5790 1 0.4780568878902901
5791 1 0.4486186211270676
5792 1 0.6097068325393724
5793 1 0.3823560108750178
5794 1 0.5447579253652034
5795 1 0.35778457976145744
5796 1 0.5871374493710327
5797 1 0.5319183097290003
5798 1 0.4804269346720393
5799 1 0.5214110502186692
5800 1 0.5636155331421121
5801 1 0.5599585003478444
5802 1 0.4481192265233995
5803 1 0.6455325124536101
5804 1 0.3853345070308719
5805 1 0.6122371822679656
5806 1 0.49056979570856074
5807 1 0.6022453104376324
5808 1 0.7282129539213007
5809 1 0.3756621691945264
5810 1 0.30386054622284253
5811 1 0.3715424773107946
5812 1 0.3837110706998853
5813 1 0.49488109028771937
5814 1 0.6126903709225101
5815 1 0.4693200894135852
5816 1 0.47180267762114836
5817 1 0.6576133121265514
5818 1 0.6542292987033144
5819 1 0.503527887461829
5820 1 0.4761739672446691
5821 1 0.26002315653349317
5822 1 0.4887870614927
5823 1 0.4318571396995256
5824 1 0.4415206474674216
5825 1 0.567477071087112
5826 1 0.5608249558411366
5827 1 0.33786121275808695
5828 1 0.5844179621776558
5829 1 0.5406608038342029
5830 1 0.37186238348832623
5831 1 0.46661833169085243
5832 1 0.6691501586164865
5833 1 0.7361802371285249
5834 1 0.25902830187752784
5835 1 0.4872741769863758
5836 1 0.7135435525257571
5837 1 0.46487722240490464
5838 1 0.30638490523851836
5839 1 0.25970217485090646
5840 1 0.4697756467861996
5841 1 0.5772114171424444
5842 1 0.48043403056485456
5843 1 0.5950880966394416
5844 1 0.45219432848894014
5845 1 0.43546286413569535
5846 1 0.257273624809656
5847 1 0.5022130836414098
5848 1 0.4482316833620444
5849 1 0.4421293816645516
5850 1 0.5826560061758816
5851 1 0.8593690381862541
5852 1 0.5072112543218505
5853 1 0.7720389886845367
5854 1 0.3956908508287847
5855 1 0.5013730681558343
5856 1 0.5604381958478358
5857 1 0.3574013067008688
5858 1 0.5818607966524473
5859 1 0.5441404448547882
5860 1 0.39500659582040487
5861 1 0.617536773085467
5862 1 0.3989432083446707
5863 1 0.6098891772384747
5864 1 0.36572950033985074
5865 1 0.40807617623590015
5866 1 0.4617114652327461
5867 1 0.5340890095133227
5868 1 0.3829666736596034
5869 1 0.37178858215395655
5870 1 0.1623126847335066
5871 1 0.43667505262659356
5872 1 0.50705929388856
5873 1 0.7512899643822094
5874 1 0.5995206961524681
5875 1 0.4007251377344176
5876 1 0.4056388851507291
5877 1 0.7287498769398822
5878 1 0.41780232898389885
5879 1 0.4827651256485694
5880 1 0.5292091313541897
5881 1 0.484993569626551
5882 1 0.3167082212135838
5883 1 0.38835518445061035
5884 1 0.3879425884851807
5885 1 0.5609816692413256
5886 1 0.4998533362488376
5887 1 0.4949755694409125
5888 1 0.445749399945625
5889 1 0.5232337983255403
5890 1 0.5644314823300703
5891 1 0.6604655016121616
5892 1 0.5617472804662835
5893 1 0.39741526233021657
5894 1 0.3400067491076087
5895 1 0.566497974882083
5896 1 0.3362374990921196
5897 1 0.6820976001518273
5898 1 0.45307643787788093
5899 1 0.40426623563204794
5900 1 0.6619553598270461
5901 1 0.5015173383674462
5902 1 0.3729005309667784
5903 1 0.7754728089742862
5904 1 0.5764590616975573
5905 1 0.6837889120006518
5906 1 0.4137130527048314
5907 1 0.3644511990722519
5908 1 0.30561121774158856
5909 1 0.6288068901617329
5910 1 0.5168803434562326
5911 1 0.24835016325086512
5912 1 0.32096451638338686
5913 1 0.38254256330044667
5914 1 0.36734753779076884
5915 1 0.6136014651449501
5916 1 0.6189370135520345
5917 1 0.46590286540374853
5918 1 0.26278664375355737
5919 1 0.4206134898098043
5920 1 0.4809649401290504
5921 1 0.516163854635055
5922 1 0.7149656949677526
5923 1 0.36828326601553146
5924 1 0.49448082685420985
5925 1 0.18582113246642626
5926 1 0.5925032198029652
5927 1 0.4980964929174318
5928 1 0.6101864634203134
5929 1 0.30498126686376775
5930 1 0.5487034616971421
5931 1 0.686660647501029
5932 1 0.3628432211157524
5933 1 0.46851619764124636
5934 1 0.47044621198526393
5935 1 0.5226969016537818
5936 1 0.5911640476671349
5937 1 0.41414371399356636
5938 1 0.5683208269895716
5939 1 0.43774804419468133
5940 1 0.5092337024735787
5941 1 0.6647531425681543
5942 1 0.5050268683335674
5943 1 0.4514605763972212
5944 1 0.46132548704675586
5945 1 0.2850109525948702
5946 1 0.38983203038553704
5947 1 0.5171854285750626
5948 1 0.6495298857441199
5949 1 0.2612908932796737
5950 1 0.3689989674826989
5951 1 0.639704203850265
5952 1 0.40027746693664834
5953 1 0.5312762978302052
5954 1 0.28570402935164996
5955 1 0.48663618200744074
5956 1 0.3838794343879422
5957 1 0.2498536752215177
5958 1 0.5772243631393418
5959 1 0.4497562026254772
5960 1 0.5449545259143168
5961 1 0.4130219680452177
5962 1 0.3602591027904479
5963 1 0.4565824978287242
5964 1 0.4196230167691984
5965 1 0.5673369043238742
5966 1 0.5180139579550789
5967 1 0.26709164116464507
5968 1 0.3611436449618391
5969 1 0.35425120675237853
5970 1 0.5934282980871352
5971 1 0.5083215366287736
5972 1 0.5023368979021827
5973 1 0.3955346491116349
5974 1 0.30257342071082877
5975 1 0.556639912742561
5976 1 0.3163058802637343
5977 1 0.34857531341169246
5978 1 0.5819577343802439
5979 1 0.44793263915376313
5980 1 0.3910634567720389
5981 1 0.6192107037963831
5982 1 0.4037650200468969
5983 1 0.43468580230405585
5984 1 0.32235249587045917
5985 1 0.4657199760187442
5986 1 0.6291780217742032
5987 1 0.6473842598153992
5988 1 0.5149726429300894
5989 1 0.5483981755104512
5990 1 0.22052757908723988
5991 1 0.5102443996129797
5992 1 0.3507537314285267
5993 1 0.484492037879522
5994 1 0.40545312229799024
5995 1 0.4495239581526439
5996 1 0.546814994629243
5997 1 0.45155756959201393
5998 1 0.4106068485050759
5999 1 0.32575295664472464
6000 1 0.5499351263143926
