7001 1 0.36494273095188307
7002 1 0.33374242997842174
7003 1 0.4653612246398108
7004 1 0.30227164613966295
7005 1 0.4147837482166143
7006 1 0.3297805794162455
7007 1 0.29551381412707795
7008 1 0.2981735031839288
7009 1 0.6173800682826621
7010 1 0.4397638892778549
7011 1 0.3267335784694823
7012 1 0.6486954000407236
7013 1 0.3598416803643499
7014 1 0.43198704673248867
7015 1 0.29985699917832825
7016 1 0.7177031143636443
7017 1 0.26354343628080007
7018 1 0.4669283261935101
7019 1 0.25275480490182567
7020 1 0.48140453077215783
7021 1 0.33604601814674934
7022 1 0.5349075598260647
7023 1 0.5349667564230177
7024 1 0.5849046160123121
7025 1 0.7731017610132567
7026 1 0.3820237516427774
7027 1 0.3198273916556903
7028 1 0.43052793609224044
7029 1 0.43557000418542574
7030 1 0.3097061644116706
7031 1 0.5292452553447613
7032 1 0.4814345106835678
7033 1 0.4429519649825825
7034 1 0.7790441982305097
7035 1 0.6073342872467824
7036 1 0.41313503585282474
7037 1 0.6688445357451291
7038 1 0.5136617864184501
7039 1 0.7100792009826561
7040 1 0.5135401888961777
7041 1 0.3340078157041095
7042 1 0.3731072154157886
7043 1 0.49612684906868704
7044 1 0.2931501926421607
7045 1 0.5218795741109695
7046 1 0.3695463504674113
7047 1 0.44266347031963105
7048 1 0.36436002547469326
7049 1 0.5634282701844627
7050 1 0.46524740636374606
7051 1 0.47729393020642724
7052 1 0.6289431706298865
7053 1 0.49391876979833577
7054 1 0.35740808393579127
7055 1 0.3746594279637159
7056 1 0.3895378070912249
7057 1 0.5470371493781446
7058 1 0.6803072428293528
7059 1 0.4678885830333026
7060 1 0.5408802623324227
7061 1 0.3266511825240618
7062 1 0.40920631905545857
7063 1 0.19432535311365104
7064 1 0.5142497146679957
7065 1 0.5667599518835232
7066 1 0.5222043738642349
7067 1 0.38501826139775003
7068 1 0.5831509883800072
7069 1 0.47470560415479596
7070 1 0.6725137055501557
7071 1 0.8197578511572957
7072 1 0.2930232744482842
7073 1 0.3308054150929606
7074 1 0.670621543548309
7075 1 0.5110103744240971
7076 1 0.6213792703200344
7077 1 0.3642844736019257
7078 1 0.4449286426011068
7079 1 0.6005065992672626
7080 1 0.4615945202821093
7081 1 0.41554205277417156
7082 1 0.6778531297135947
7083 1 0.6119644299705215
7084 1 0.26738546565125515
7085 1 0.46646929159490824
7086 1 0.6104192400989746
7087 1 0.34342226306995466
7088 1 0.60966326432325
7089 1 0.41940474304601616
7090 1 0.24644093349963853
7091 1 0.3673349800628444
7092 1 0.38364306178392177
7093 1 0.5330793698522032
7094 1 0.3794326932869167
7095 1 0.4762937842763657
7096 1 0.4995334996823859
7097 1 0.44145185286145794
7098 1 0.4654232359094825
7099 1 0.44311957820218184
7100 1 0.6056838038218063
7101 1 0.4236191032253979
7102 1 0.3413461059485359
7103 1 0.979215253565488
7104 1 0.5637873510373531
7105 1 0.5884391188841025
7106 1 0.4824015577930268
7107 1 0.28511445484165915
7108 1 0.4246846480719198
7109 1 0.5443340862396578
7110 1 0.2944806376008193
7111 1 0.42135856909413855
7112 1 0.28658712355710714
7113 1 0.37498806131841905
7114 1 0.5339819693041854
7115 1 0.32894512886445165
7116 1 0.43402722158151097
7117 1 0.48058659281505317
7118 1 0.38272510851273983
7119 1 0.5143975935623758
7120 1 0.30012272075667745
7121 1 0.4292344629371892
7122 1 0.4732537893658842
7123 1 0.3723787637502201
7124 1 0.6092108694014201
7125 1 0.4135239887338177
7126 1 0.44262769660314
7127 1 0.30420982883086606
7128 1 0.5567278381928258
7129 1 0.42203496914386107
7130 1 0.541620162940663
7131 1 0.5820725413555149
7132 1 0.5495623584255364
7133 1 0.5129388720231055
7134 1 0.37504789301247776
7135 1 0.5159390089048359
7136 1 0.46628734071147854
7137 1 0.4958876107623114
7138 1 0.5310564546683674
7139 1 0.5018653283171248
7140 1 0.5713578350023115
7141 1 0.47749851356562395
7142 1 0.33936847207899834
7143 1 0.5224189307440064
7144 1 0.5826555788026764
7145 1 0.6346379172025584
7146 1 0.4159349238437712
7147 1 0.4823940217695972
7148 1 0.6608545701418412
7149 1 0.4604309516640063
7150 1 0.2748449618209613
7151 1 0.5865351166199264
7152 1 0.6289157255602
7153 1 0.4269821639908458
7154 1 0.46206948722068036
7155 1 0.41291554740242714
7156 1 0.6258549000193208
7157 1 0.5117736809953657
7158 1 0.5156530690517263
7159 1 0.36456829267443824
7160 1 0.43478726724807676
7161 1 0.4083551932532225
7162 1 0.7037223795440182
7163 1 0.4722877356703258
7164 1 0.3929273408672521
7165 1 0.47194046318624205
7166 1 0.39564281530079365
7167 1 0.5140466999154496
7168 1 0.3671725518980436
7169 1 0.6908599650310595
7170 1 0.6565955587532376
7171 1 0.42420157685054377
7172 1 0.5348058219844227
7173 1 0.3722903682171629
7174 1 0.5861593138543767
7175 1 0.43521109222953847
7176 1 0.3393735500824942
7177 1 0.5231131376408324
7178 1 0.846800627040968
7179 1 0.31526040004839345
7180 1 0.6736888504076863
7181 1 0.6465399539576728
7182 1 0.26990099848117133
7183 1 0.4853132653068323
7184 1 0.3630270004687096
7185 1 0.43244199369081043
7186 1 0.40658219072183344
7187 1 0.31073245776104413
7188 1 0.88048219028345
7189 1 0.504395174960063
7190 1 0.3636586982795737
7191 1 0.39779568771522394
7192 1 0.5730641395801908
7193 1 0.44204698128177167
7194 1 0.3334451277111541
7195 1 0.6649621929618847
7196 1 0.4398529947884627
7197 1 0.48075883420080984
7198 1 0.3545863153242103
7199 1 0.5376187915890721
7200 1 0.5089382009423407
7201 1 0.44220647496514187
7202 1 0.5127570182069191
7203 1 0.4711626844436776
7204 1 0.4399741291613174
7205 1 0.6175763071869607
7206 1 0.4804323160800041
7207 1 0.5243344327031557
7208 1 0.6519406153488526
7209 1 0.5570547897882062
7210 1 0.2930372740407733
7211 1 0.5304974349852013
7212 1 0.5657043722375266
7213 1 0.38923108098131415
7214 1 0.3013759595394088
7215 1 0.3390363040899665
7216 1 0.5828211292046895
7217 1 0.3478895849225604
7218 1 0.24203050109428156
7219 1 0.37426762629780164
7220 1 0.6525981715959789
7221 1 0.5897159896578711
7222 1 0.470187310628759
7223 1 0.4262348002982759
7224 1 0.58565344625226
7225 1 0.4798135878395109
7226 1 0.6041515555097972
7227 1 0.5516339894400706
7228 1 0.4515495698644967
7229 1 0.4179914805927665
7230 1 0.7150413386383989
7231 1 0.45037218358565206
7232 1 0.3847651089180595
7233 1 0.6218552548006494
7234 1 0.5665786347105245
7235 1 0.580461455583222
7236 1 0.4332193433961599
7237 1 0.47150272486347045
7238 1 0.27513649607530105
7239 1 0.5240836714056684
7240 1 0.6652760415887686
7241 1 0.32864918359724443
7242 1 0.4054758371422465
7243 1 0.24561089403065242
7244 1 0.20818425356693124
7245 1 0.41797235335382
7246 1 0.45201785996340826
7247 1 0.2746397649967873
7248 1 0.4630921255723437
7249 1 0.5292459816850756
7250 1 0.42303173158715845
7251 1 0.5532374460043802
7252 1 0.455429203916985
7253 1 0.36213268390325987
7254 1 0.36982932283622794
7255 1 0.5078275531079133
7256 1 0.3722268371517971
7257 1 0.5496908130552056
7258 1 0.8029227883220239
7259 1 0.558309974353162
7260 1 0.3364778040288309
7261 1 0.3996272370477063
7262 1 0.43658837157838676
7263 1 0.48208023166039415
7264 1 0.5527907558631027
7265 1 0.351047308532334
7266 1 0.6212684708352341
7267 1 0.428974478587585
7268 1 0.5385004516953443
7269 1 0.6072501124747959
7270 1 0.3926553712091233
7271 1 0.30835780278125613
7272 1 0.4185170215064066
7273 1 0.26976895347284235
7274 1 0.5325955459436895
7275 1 0.36205659039527505
7276 1 0.4394259818413983
7277 1 0.46996421016757334
7278 1 0.5997121912419225
7279 1 0.3993015473264879
7280 1 0.387889772256793
7281 1 0.2944584893519284
7282 1 0.6212973128412183
7283 1 0.5743761486960096
7284 1 0.4645415181175345
7285 1 0.47463311267354
7286 1 0.49605472422427555
7287 1 0.5108901455499544
7288 1 0.4362000823600027
7289 1 0.46772913261418914
7290 1 0.36937035063799667
7291 1 0.4494184857181524
7292 1 0.25953583931356317
7293 1 0.5824864416273584
7294 1 0.5991333781611864
7295 1 0.38852328883046033
7296 1 0.3289078536563754
7297 1 0.3646036478924433
7298 1 0.6012075648175674
7299 1 0.6956872932033862
7300 1 0.5213145753629552
7301 1 0.5772557771499366
7302 1 0.40351264133180237
7303 1 0.7347140300407913
7304 1 0.44718940109636546
7305 1 0.5303125590497306
7306 1 0.5359964030296424
7307 1 0.552664672170183
7308 1 0.4543236912170595
7309 1 0.39299314164209953
7310 1 0.5408184579546466
7311 1 0.36465537696770695
7312 1 0.390999428722388
7313 1 0.33699138819944974
7314 1 0.6056680439841952
7315 1 0.4084100581551125
7316 1 0.5241049091638177
7317 1 0.6885629214136056
7318 1 0.7746304364187102
7319 1 0.5387911575500967
7320 1 0.5634240258499186
7321 1 0.46033010905968186
7322 1 0.620047316104411
7323 1 0.4110205554744379
7324 1 0.7390774375268269
7325 1 0.5129962914575024
7326 1 0.31616517824398377
7327 1 0.371814121932326
7328 1 0.32503577587277027
7329 1 0.5049276975045065
7330 1 0.4266472673029392
7331 1 0.4047720474898337
7332 1 0.606232231250056
7333 1 0.5339176212099667
7334 1 0.49773805964172113
7335 1 0.4374193864344998
7336 1 0.2797120714775844
7337 1 0.48410613928867124
7338 1 0.3623558714476296
7339 1 0.5016087840306207
7340 1 0.5162724975630456
7341 1 0.5344890752069908
7342 1 0.3800873660822489
7343 1 0.566618674393688
7344 1 0.42905994296723143
7345 1 0.6602640149753589
7346 1 0.49415728148706217
7347 1 0.49035950174477705
7348 1 0.39201223638099164
7349 1 0.39063804293847315
7350 1 0.34094906348349213
7351 1 0.5136276719971485
7352 1 0.43099968150767615
7353 1 0.48908307748032726
7354 1 0.5338000858131561
7355 1 0.2875773012359586
7356 1 0.5376878249804543
7357 1 0.40040463417733746
7358 1 0.5404739280361865
7359 1 0.36802542768400753
7360 1 0.42914356861595626
7361 1 0.5882667607403189
7362 1 0.41634187188231947
7363 1 0.6064846623814618
7364 1 0.6717405854805962
7365 1 0.45501103961981365
7366 1 0.5243001898757581
7367 1 0.36344025593672313
7368 1 0.5914166543515836
7369 1 0.6032812641963875
7370 1 0.6326948572983853
7371 1 0.35823895485504925
7372 1 0.40245440121133613
7373 1 0.5235752844925873
7374 1 0.4962845944323393
7375 1 0.640673520391871
7376 1 0.4937773644570743
7377 1 0.38003088681343666
7378 1 0.44206109957363227
7379 1 0.6399179079249709
7380 1 0.36183608357082836
7381 1 0.4215658032210806
7382 1 0.4410154296611645
7383 1 0.5151066229045784
7384 1 0.4691979319519869
7385 1 0.5191747013617337
7386 1 0.4902231599855926
7387 1 0.4482114689699736
7388 1 0.5604716482705384
7389 1 0.4681006217114496
7390 1 0.4825749889458505
7391 1 0.6213381637292003
7392 1 0.40870090683738
7393 1 0.6977833463363179
7394 1 0.7842405239226306
7395 1 0.5832666351255994
7396 1 0.5632041169596903
7397 1 0.31426292069417106
7398 1 0.5806946882005914
7399 1 0.572617811083728
7400 1 0.4149711548337836
7401 1 0.39072777799948705
7402 1 0.5211673404404003
7403 1 0.5718772434848592
7404 1 0.8539257445845116
7405 1 0.49098526763773975
7406 1 0.6199412510050656
7407 1 0.4064509635743624
7408 1 0.637087333095749
7409 1 0.22977655980623615
7410 1 0.3635793044853189
7411 1 0.4512758627027142
7412 1 0.5014210590328934
7413 1 0.7343729637589048
7414 1 0.34372645822083164
7415 1 0.45729113890195394
7416 1 0.4742470668178145
7417 1 0.3543239020748453
7418 1 0.5746144127245982
7419 1 0.39453681504597216
7420 1 0.5597734019897191
7421 1 0.4349870995817199
7422 1 0.3923144538561215
7423 1 0.5193561061725865
7424 1 0.4799320539725166
7425 1 0.6361655562071887
7426 1 0.4061683098634385
7427 1 0.45418161805316465
7428 1 0.6918826605137289
7429 1 0.4290972497914955
7430 1 0.41352428465024205
7431 1 0.46075887143580435
7432 1 0.3328951546950573
7433 1 0.5536725080445883
7434 1 0.6087984514850483
7435 1 0.4466869938028024
7436 1 0.43746800935797986
7437 1 0.43133133559498865
7438 1 0.648724729046934
7439 1 0.5112628551984646
7440 1 0.7066547482365483
7441 1 0.5755199682901393
7442 1 0.3984164083302183
7443 1 0.42493402519051865
7444 1 0.5295449449115425
7445 1 0.41466802880925707
7446 1 0.47976450842265256
7447 1 0.4842833200104334
7448 1 0.42317284960937995
7449 1 0.502399788878413
7450 1 0.4541570780674006
7451 1 0.342596019762184
7452 1 0.5609593049484849
7453 1 0.5035043830448825
7454 1 0.5633262114662481
7455 1 0.29245695919111686
7456 1 0.6090915804155268
7457 1 0.4698475431065871
7458 1 0.3972557949936693
7459 1 0.8047180162014285
7460 1 0.4096181085307642
7461 1 0.4829710069354758
7462 1 0.28330056425940064
7463 1 0.5261812268621903
7464 1 0.2955899253845016
7465 1 0.5159236806004545
7466 1 0.5123643268503868
7467 1 0.40720263289250724
7468 1 0.4262833807895039
7469 1 0.36959429835754837
7470 1 0.20340735432347884
7471 1 0.39086365605458384
7472 1 0.47792129549022333
7473 1 0.467371065975323
7474 1 0.32774193628832127
7475 1 0.6278338423552972
7476 1 0.6161795708478738
7477 1 0.452354375178262
7478 1 0.4682053029092414
7479 1 0.520529605879012
7480 1 0.562200553707997
7481 1 0.7640442939651585
7482 1 0.4385582214870221
7483 1 0.5349484836531466
7484 1 0.6012778381736481
7485 1 0.5157947642080424
7486 1 0.6643335194889847
7487 1 0.5544443570879313
7488 1 0.5889777161739623
7489 1 0.3877872944854226
7490 1 0.5644774714032391
7491 1 0.4982886095145777
7492 1 0.44021361845585055
7493 1 0.5030260193074684
7494 1 0.5194396674795958
7495 1 0.49721843899791324
7496 1 0.4341561867848797
7497 1 0.4645095167114505
7498 1 0.3653651409702733
7499 1 0.7021885501452843
7500 1 0.6155614796458311
7501 1 0.3116670705445145
7502 1 0.3847619672673985
7503 1 0.3181823212548669
7504 1 0.4385211154532841
7505 1 0.5100845767329873
7506 1 0.41419634523952203
7507 1 0.4722002339879114
7508 1 0.19776300229014374
7509 1 0.4806371609660878
7510 1 0.39973620917231895
7511 1 0.40643745486478927
7512 1 0.4812522505716346
7513 1 0.36549376089159114
7514 1 0.45939426546356743
7515 1 0.31885190690677945
7516 1 0.5954873045360145
7517 1 0.6200230090800305
7518 1 0.38493608454696426
7519 1 0.4599915978649723
7520 1 0.32495849315238834
7521 1 0.5183695061149857
7522 1 0.7330343632104699
7523 1 0.6927919246026314
7524 1 0.3645092635878137
7525 1 0.5124756549356602
7526 1 0.3366269805735856
7527 1 0.4409830885197295
7528 1 0.5438420265915584
7529 1 0.48632931168334026
7530 1 0.47867138483098326
7531 1 0.2257724253662328
7532 1 0.3688569056895382
7533 1 0.36245263223570856
7534 1 0.4847616135820977
7535 1 0.37658988437969265
7536 1 0.5129690957119634
7537 1 0.34038022087264586
7538 1 0.5384856847169638
7539 1 0.5916398765628259
7540 1 0.4267359310189228
7541 1 0.3522923265515685
7542 1 0.7684226636734007
7543 1 0.5416523842733867
7544 1 0.46441203124706704
7545 1 0.196913079289719
7546 1 0.4647417356694656
7547 1 0.5367877542688256
7548 1 0.4146229222159969
7549 1 0.29455056373350413
7550 1 0.4774097333689486
7551 1 0.3897741882926298
7552 1 0.5023982751840885
7553 1 0.5236286759137251
7554 1 0.4662280922528843
7555 1 0.5420930534722338
7556 1 0.5369770825400761
7557 1 0.6220924028332758
7558 1 0.45754072318978334
7559 1 0.7841707475508353
7560 1 0.3927695694341117
7561 1 0.5986976197328415
7562 1 0.5139519988942719
7563 1 0.5861671532822752
7564 1 0.4127521197223561
7565 1 0.497370810996315
7566 1 0.5678433931563476
7567 1 0.4216411307298488
7568 1 0.4885141236581537
7569 1 0.6319777577855801
7570 1 0.45872530825272095
7571 1 0.41642119606549416
7572 1 0.6120525578753223
7573 1 0.5703516570364204
7574 1 0.45745610995119246
7575 1 0.3304544634830233
7576 1 0.27498420783206334
7577 1 0.44002923617664536
7578 1 0.2805548162167047
7579 1 0.5970690524273777
7580 1 0.3731657258859994
7581 1 0.6081681453411173
7582 1 0.4465941273525219
7583 1 0.7357030307099847
7584 1 0.509147039174811
7585 1 0.44944878428745505
7586 1 0.44424448299596037
7587 1 0.4045048307986035
7588 1 0.42878967836456383
7589 1 0.4524586295575186
7590 1 0.5608022057753376
7591 1 0.3911320292326832
7592 1 0.49857784244324777
7593 1 0.5433046370955393
7594 1 0.3707972147080381
7595 1 0.42759471403997484
7596 1 0.6640278106437831
7597 1 0.38248924703708886
7598 1 0.5593908602614741
7599 1 0.5211674533157374
7600 1 0.41084883908379966
7601 1 0.4975118178072093
7602 1 0.3236604106899585
7603 1 0.5678002098811781
7604 1 0.4766436576078982
7605 1 0.34519304248413885
7606 1 0.44650240518637163
7607 1 0.3537118573300511
7608 1 0.5077280067672885
7609 1 0.3333014174388684
7610 1 0.30976813186241536
7611 1 0.3053108143145672
7612 1 0.5005978938660732
7613 1 0.42394424659670443
7614 1 0.5545788781429678
7615 1 0.5229343858164046
7616 1 0.5673560898031667
7617 1 0.5048725067340143
7618 1 0.4808473525932635
7619 1 0.5230163441272258
7620 1 0.4719623113586839
7621 1 0.5126645733058092
7622 1 0.6014377217900013
7623 1 0.4029558871980933
7624 1 0.36478594572193385
7625 1 0.3383146157925715
7626 1 0.36697359871628926
7627 1 0.5577271612699995
7628 1 0.6556473437983056
7629 1 0.7657343603025849
7630 1 0.5450843211812827
7631 1 0.4983246392112557
7632 1 0.48830355513273926
7633 1 0.5676020135465861
7634 1 0.7191342987580146
7635 1 0.5993747394668391
7636 1 0.6427688854567155
7637 1 0.1961257718718888
7638 1 0.4264141764037449
7639 1 0.5907246677986129
7640 1 0.4709967036177745
7641 1 0.4561763307654816
7642 1 0.3952156681235987
7643 1 0.6729325310139207
7644 1 0.6012685973720924
7645 1 0.4429011161685476
7646 1 0.6068655165263493
7647 1 0.34701547082377715
7648 1 0.5253873036183963
7649 1 0.5524167191667099
7650 1 0.44093232429286355
7651 1 0.5479933113669476
7652 1 0.3956375301280672
7653 1 0.5075366944415864
7654 1 0.6390669848546059
7655 1 0.3868339746255015
7656 1 0.432003436952511
7657 1 0.45992729164833573
7658 1 0.7797939453399036
7659 1 0.4362681320442084
7660 1 0.5377872689844712
7661 1 0.611554385209579
7662 1 0.7555714565443458
7663 1 0.39148884869614137
7664 1 0.6595294059185497
7665 1 0.4129149705456674
7666 1 0.48819797758829
7667 1 0.40267704878449856
7668 1 0.619533303451247
7669 1 0.5180111122208423
7670 1 0.3886139135820921
7671 1 0.5252245678891021
7672 1 0.379417241845804
7673 1 0.32695268724829135
7674 1 0.2524899627527001
7675 1 0.35608960653621835
7676 1 0.4823458656008896
7677 1 0.4979839492729382
7678 1 0.5756945606445271
7679 1 0.6011940466786049
7680 1 0.40427458424697094
7681 1 0.4025550147369665
7682 1 0.43665058890794917
7683 1 0.42600389424405916
7684 1 0.5789511619402872
7685 1 0.26053385863899287
7686 1 0.4382229520609015
7687 1 0.5546771279425579
7688 1 0.8235447504936195
7689 1 0.6136915385546403
7690 1 0.48397221173049343
7691 1 0.4432696033919773
7692 1 0.36848857155501785
7693 1 0.2564308731371613
7694 1 0.5950963481871213
7695 1 0.4665175279134253
7696 1 0.3547166968773254
7697 1 0.39804863052966916
7698 1 0.4538399005887436
7699 1 0.45950245078883983
7700 1 0.5620272251691163
7701 1 0.3824000691420511
7702 1 0.5805060527121229
7703 1 0.5960755145579005
7704 1 0.46477720237613285
7705 1 0.3458751670051972
7706 1 0.6867411525765513
7707 1 0.36994494656301685
7708 1 0.6731901976750916
7709 1 0.5611170311760234
7710 1 0.4198072312607404
7711 1 0.4100868063120973
7712 1 0.4819100894231062
7713 1 0.42702226080501526
7714 1 0.5727188852627613
7715 1 0.4798033630534437
7716 1 0.6562900382184879
7717 1 0.6368494734215623
7718 1 0.5484395691429903
7719 1 0.533792583901929
7720 1 0.66282580506137
7721 1 0.5274941253912921
7722 1 0.533143344098868
7723 1 0.34410418929650194
7724 1 0.5468575269992128
7725 1 0.36925366333155696
7726 1 0.5017704162440269
7727 1 0.6822767050236852
7728 1 0.48429634061044063
7729 1 0.7231594108159554
7730 1 0.4146527778813353
7731 1 0.339009274745416
7732 1 0.56184006094272
7733 1 0.4749954893753407
7734 1 0.5706839195966807
7735 1 0.565156018025712
7736 1 0.4980023593236247
7737 1 0.5649829241122248
7738 1 0.4582374851737862
7739 1 0.3313161995669495
7740 1 0.6356248076298839
7741 1 0.6040226127705618
7742 1 0.71944540065925
7743 1 0.5176117284938917
7744 1 0.6103138899692094
7745 1 0.46930497715315384
7746 1 0.5290633471709185
7747 1 0.3807835994657787
7748 1 0.41700201095012074
7749 1 0.6521685386653522
7750 1 0.2968975628690202
7751 1 0.45758537023898066
7752 1 0.3843709884543719
7753 1 0.5862053029275455
7754 1 0.4564076012378627
7755 1 0.5460928531664894
7756 1 0.5826140112811045
7757 1 0.44131770426730055
7758 1 0.4910542106179181
7759 1 0.6997819636478276
7760 1 0.5221953113890718
7761 1 0.423729201052697
7762 1 0.3766625622300557
7763 1 0.5519556403319655
7764 1 0.5742721350435163
7765 1 0.27393260738836916
7766 1 0.589152181231594
7767 1 0.30377822238451696
7768 1 0.3564869510190561
7769 1 0.6405849174122481
7770 1 0.5222738448902166
7771 1 0.5650397622525021
7772 1 0.5870439170394636
7773 1 0.44037180727813696
7774 1 0.4684250545505357
7775 1 0.5826470707201395
7776 1 0.5129504318997696
7777 1 0.5702850311900056
7778 1 0.48957300053973557
7779 1 0.43214865731376645
7780 1 0.7835370878723179
7781 1 0.3550265948674098
7782 1 0.4682988760090526
7783 1 0.6120963501781091
7784 1 0.6144707727511834
7785 1 0.3429223889541051
7786 1 0.4910371137483651
7787 1 0.5269970701081861
7788 1 0.3268022271972463
7789 1 0.5350874747934012
7790 1 0.6183917299931257
7791 1 0.3074913223278158
7792 1 0.3240490152382156
7793 1 0.5007137735730494
7794 1 0.7348364257331381
7795 1 0.5547755557912056
7796 1 0.5077610445741951
7797 1 0.5045902801189607
7798 1 0.4654787836100948
7799 1 0.4101922324316472
7800 1 0.4731583850231957
7801 1 0.5012661363846744
7802 1 0.23131483959940485
7803 1 0.4467245657593081
7804 1 0.37389020112261523
7805 1 0.5009821459191437
7806 1 0.4354970695228706
7807 1 0.46645991378987195
7808 1 0.4534172312621464
7809 1 0.3715612931025578
7810 1 0.3183625831682643
7811 1 0.522972964221555
7812 1 0.4895496403369794
7813 1 0.5675599027257872
7814 1 0.4476349516682073
7815 1 0.48496430551672626
7816 1 0.27044700532970956
7817 1 0.6574894978657787
7818 1 0.4516712048269915
7819 1 0.5171703074399117
7820 1 0.2998631196840165
7821 1 0.3160837119254185
7822 1 0.6493512958833206
7823 1 0.48494628318034283
7824 1 0.5248645607373761
7825 1 0.5683652050238378
7826 1 0.323620672192584
7827 1 0.49179758068676654
7828 1 0.482947795938939
7829 1 0.6357058413058794
7830 1 0.35727207608792344
7831 1 0.424957615581309
7832 1 0.6507608939094708
7833 1 0.39721890888657096
7834 1 0.28789529907148825
7835 1 0.643702737232999
7836 1 0.49137237984646587
7837 1 0.47817856445303203
7838 1 0.3258005958610283
7839 1 0.34031134334352287
7840 1 0.32526106838964325
7841 1 0.3723688013230446
7842 1 0.7513410062213908
7843 1 0.6383760252730686
7844 1 0.7278197286949307
7845 1 0.62622210207245
7846 1 0.32605576844871803
7847 1 0.629745190668441
7848 1 0.4896076083399678
7849 1 0.6054523905219101
7850 1 0.4079216848435761
7851 1 0.4372393275303082
7852 1 0.6610118002170995
7853 1 0.3443608217755299
7854 1 0.3817699177510392
7855 1 0.4286912125210237
7856 1 0.37884149498061415
7857 1 0.36367406485618237
7858 1 0.7054607762165199
7859 1 0.694333406782822
7860 1 0.4523799252180256
7861 1 0.4608353252019291
7862 1 0.30254736342538546
7863 1 0.49668896575158217
7864 1 0.47481906328206086
7865 1 0.33377427579958147
7866 1 0.5297697745563327
7867 1 0.42554594069721197
7868 1 0.4874149192196985
7869 1 0.4682901846080935
7870 1 0.4786947494710993
7871 1 0.6163839303977411
7872 1 0.2851238728602676
7873 1 0.42312761738337346
7874 1 0.4659308468392877
7875 1 0.5500907827909703
7876 1 0.5798508893112096
7877 1 0.5183367029334727
7878 1 0.34846307594501746
7879 1 0.4979621884610153
7880 1 0.5702575264932981
7881 1 0.7384667073498409
7882 1 0.5436102008945458
7883 1 0.4411850266578806
7884 1 0.4284136662111039
7885 1 0.548036548999773
7886 1 0.344937798066689
7887 1 0.5841065848827847
7888 1 0.630639663373485
7889 1 0.3133868530477841
7890 1 0.3846860662298902
7891 1 0.6090352301074805
7892 1 0.6425539819082182
7893 1 0.4193407210977347
7894 1 0.6184974728292234
7895 1 0.42381837478771
7896 1 0.5646187297569609
7897 1 0.3764158170204233
7898 1 0.5053171812046523
7899 1 0.5024274364026354
7900 1 0.35331942528172583
7901 1 0.511569168356589
7902 1 0.689586964744281
7903 1 0.6634727044345293
7904 1 0.4462682848197292
7905 1 0.44165187960692237
7906 1 0.35660762723452283
7907 1 0.5974806022852602
7908 1 0.39195165921050495
7909 1 0.39559372035317647
7910 1 0.5547222406371878
7911 1 0.41092457372031965
7912 1 0.5613290673581558
7913 1 0.358116192803193
7914 1 0.48167023959309807
7915 1 0.29316533180408527
7916 1 0.3654480901989802
7917 1 0.42525610733830865
7918 1 0.3501037638984764
7919 1 0.41294291925567883
7920 1 0.4750385040308418
7921 1 0.5203520973473027
7922 1 0.5640125040547309
7923 1 0.2154450325669517
7924 1 0.3397342508490068
7925 1 0.4436657930519556
7926 1 0.3736901272302039
7927 1 0.37794215421465466
7928 1 0.5334544177119354
7929 1 0.5011160124636258
7930 1 0.4127890454883567
7931 1 0.5242745008911692
7932 1 0.5236147140387933
7933 1 0.508810726137158
7934 1 0.6268038820828092
7935 1 0.4586852283559853
7936 1 0.4307439656207592
7937 1 0.600883095370264
7938 1 0.4614658864940423
7939 1 0.4937657568787936
7940 1 0.6967055579824044
7941 1 0.2644461433387549
7942 1 0.4700975622556662
7943 1 0.448481792367657
7944 1 0.32865014373094753
7945 1 0.44816566959393167
7946 1 0.5243116304983805
7947 1 0.559547523741367
7948 1 0.2559349019564946
7949 1 0.3355887118997469
7950 1 0.5263547975145092
7951 1 0.5732007301088529
7952 1 0.565860094442495
7953 1 0.4120818690211599
7954 1 0.5336328958067371
7955 1 0.5977860853797874
7956 1 0.7279185722687144
7957 1 0.3849847903936036
7958 1 0.4810152156916804
7959 1 0.4392163873164359
7960 1 0.543202087217074
7961 1 0.4668974790556157
7962 1 0.40016456192467487
7963 1 0.5361568332732424
7964 1 0.4866416887708169
7965 1 0.43514393778265037
7966 1 0.5498768449228759
7967 1 0.4974072705622133
7968 1 0.5328618502028332
7969 1 0.6586679432869142
7970 1 0.5914293554616931
7971 1 0.4923500563737288
7972 1 0.5670960103276639
7973 1 0.4393880063624959
7974 1 0.31980434206811226
7975 1 0.5878548847364994
7976 1 0.4193758375303214
7977 1 0.6035669455732953
7978 1 0.4867306206697267
7979 1 0.6896081858623316
7980 1 0.3181585575297137
7981 1 0.3923953918515487
7982 1 0.32880481372699916
7983 1 0.3628995029220585
7984 1 0.5816924412844396
7985 1 0.59318711483054
7986 1 0.5998672619870211
7987 1 0.3427248709808757
7988 1 0.2597541685037416
7989 1 0.5199333082144197
7990 1 0.43099538142880095
7991 1 0.4083176481982102
7992 1 0.5910206743568507
7993 1 0.49591915512034723
7994 1 0.3791474331818445
7995 1 0.38400873211595277
7996 1 0.5866893889176158
7997 1 0.5664520507052997
7998 1 0.6223166844641443
7999 1 0.4985976020059503
8000 1 0.6042759948836165
