1001 1 0.3914506238930914
1002 1 0.5227571404755919
1003 1 0.4420761904792701
1004 1 0.8584691405316535
1005 1 0.21820416313180466
1006 1 0.487861337572695
1007 1 0.3675015929351684
1008 1 0.7313685842066403
1009 1 0.43578781420452034
1010 1 0.36250466027808126
1011 1 0.4216014316140416
1012 1 0.38672860730096753
1013 1 0.578715357318307
1014 1 0.5366087178987078
1015 1 0.48313431591617517
1016 1 0.4567285174693939
1017 1 0.5578520418837731
1018 1 0.37373598872928154
1019 1 0.3305496265442787
1020 1 0.7954221753000893
1021 1 0.4794710708183405
1022 1 0.459170715165043
1023 1 0.43447730380693705
1024 1 0.25744747612497537
1025 1 0.4737891057829227
1026 1 0.42867409429667713
1027 1 0.87012193495297
1028 1 0.48857313971003435
1029 1 0.5022073827435473
1030 1 0.30375278244674064
1031 1 0.3626951225720676
1032 1 0.28752005236257483
1033 1 0.5159444241476684
1034 1 0.3819029226157364
1035 1 0.3543062153137885
1036 1 0.5667111755937989
1037 1 0.6548749683731693
1038 1 0.28055093907367495
1039 1 0.41259205167824076
1040 1 0.40582556736892894
1041 1 0.43445780161109665
1042 1 0.542002171631075
1043 1 0.4440027655921925
1044 1 0.46302719257865077
1045 1 0.550906054449571
1046 1 0.28039498889935255
1047 1 0.5419268638130903
1048 1 0.40741469348011766
1049 1 0.6238612836121824
1050 1 0.42313320873391863
1051 1 0.48841211097754594
1052 1 0.37336153436640784
1053 1 0.4723707844622909
1054 1 0.3396979698868363
1055 1 0.27234975487177804
1056 1 0.3562473527318755
1057 1 0.37253644227614197
1058 1 0.5197673298845317
1059 1 0.4714664347492456
1060 1 0.33842011623789614
1061 1 0.42693123253098664
1062 1 0.5526203540402728
1063 1 0.5844551991135049
1064 1 0.4356283540786826
1065 1 0.5853580548230093
1066 1 0.6295418322978539
1067 1 0.5698552071755774
1068 1 0.4579743317173578
1069 1 0.34011651801562076
1070 1 0.6063934896159082
1071 1 0.3290819196289699
1072 1 0.307592525467615
1073 1 0.25424455246005295
1074 1 0.4686940922232488
1075 1 0.3584514935681664
1076 1 0.5154197723699762
1077 1 0.4051180985906625
1078 1 0.49103913163768437
1079 1 0.6504570027177325
1080 1 0.5177788569319447
1081 1 0.6620778464852666
1082 1 0.3125273428544127
1083 1 0.5294148351467084
1084 1 0.6409894229616216
1085 1 0.477218400797793
1086 1 0.615354019213545
1087 1 0.3748434444380816
1088 1 0.3646200528112196
1089 1 0.30858745805470994
1090 1 0.3469192583269549
1091 1 0.3102538017125603
1092 1 0.5408596441406202
1093 1 0.36525615969360625
1094 1 0.3645330525504501
1095 1 0.631597760051113
1096 1 0.3344120078649548
1097 1 0.3907292581362788
1098 1 0.47452329523190634
1099 1 0.35695294506166275
1100 1 0.5235083422069594
1101 1 0.344425910354147
1102 1 0.2971282331885033
1103 1 0.4478063627130319
1104 1 0.5875728999575488
1105 1 0.6362808665454496
1106 1 0.3947629434504768
1107 1 0.33006340729353717
1108 1 0.5525460030279715
1109 1 0.3296442445904355
1110 1 0.5259986211908712
1111 1 0.49704203037673717
1112 1 0.6765419986403245
1113 1 0.44242125482223776
1114 1 0.432183373551976
1115 1 0.5628345578365603
1116 1 0.44876906398334393
1117 1 0.386282893933492
1118 1 0.6189244430667009
1119 1 0.39634925655295666
1120 1 0.4232281280177261
1121 1 0.40606443071841075
1122 1 0.627307281958268
1123 1 0.5921536562546061
1124 1 0.3192668363687363
1125 1 0.47503811298851906
1126 1 0.4831918055163221
1127 1 0.6508084457652556
1128 1 0.5118421638768113
1129 1 0.7589132346233776
1130 1 0.5627804766833258
1131 1 0.3911569291992523
1132 1 0.5569329063335687
1133 1 0.5559792545036758
1134 1 0.4749356887427999
1135 1 0.49566759121542575
1136 1 0.3728586661421071
1137 1 0.5167361378636713
1138 1 0.41517216528642453
1139 1 0.5164490207235687
1140 1 0.4761084598902313
1141 1 0.35640016236487687
1142 1 0.37710281847711674
1143 1 0.5777573244277244
1144 1 0.5554284461546173
1145 1 0.39514775100551375
1146 1 0.5937387890194081
1147 1 0.351059659368363
1148 1 0.6540069875374835
1149 1 0.4402014648049929
1150 1 0.34323665136478015
1151 1 0.6111324716208043
1152 1 0.40181595667239733
1153 1 0.43628158916947524
1154 1 0.6361577661449169
1155 1 0.37844496669462435
1156 1 0.4886537288180557
1157 1 0.3491599019934009
1158 1 0.2519555598770878
1159 1 0.35421484092570393
1160 1 0.4874244160014415
1161 1 0.5376961134136863
1162 1 0.4267796098917026
1163 1 0.46272844373212396
1164 1 0.5036642849653445
1165 1 0.5413195088028191
1166 1 0.2542619519020699
1167 1 0.39148748504004144
1168 1 0.5471100729473006
1169 1 0.4514168331827259
1170 1 0.38913100049351673
1171 1 0.6769848571215092
1172 1 0.32881687668931814
1173 1 0.5961843471830178
1174 1 0.4585697183365385
1175 1 0.41909410429419836
1176 1 0.539015110261678
1177 1 0.49306418285554116
1178 1 0.342705173541209
1179 1 0.5431846941537616
1180 1 0.32907567293586537
1181 1 0.48251564813470765
1182 1 0.5796547416501199
1183 1 0.34026162966156387
1184 1 0.459250163871624
1185 1 0.5245578615289587
1186 1 0.29525820529146357
1187 1 0.2921059044125668
1188 1 0.49644386818906994
1189 1 0.3052063732888687
1190 1 0.5031094785552046
1191 1 0.6792729100935601
1192 1 0.34662360731216213
1193 1 0.6262784060655546
1194 1 0.5929164003905337
1195 1 0.3741096529647953
1196 1 0.6938825599448541
1197 1 0.40256518988007206
1198 1 0.48675400333661656
1199 1 0.6578384787333432
1200 1 0.4729249474552756
1201 1 0.4864227383502816
1202 1 0.34109302502127037
1203 1 0.36618979015657516
1204 1 0.6996015039945889
1205 1 0.606553565702738
1206 1 0.3993175936511341
1207 1 0.44719487763022864
1208 1 0.46086336210446444
1209 1 0.26898304437798454
1210 1 0.49710264498744616
1211 1 0.6693846786228362
1212 1 0.3941150340233181
1213 1 0.7596471054144682
1214 1 0.5620286856151245
1215 1 0.6339118081855714
1216 1 0.3482386043396873
1217 1 0.3943367669457142
1218 1 0.7954026972323921
1219 1 0.43398371909377886
1220 1 0.5716433444315313
1221 1 0.5918043154062365
1222 1 0.6847641992870562
1223 1 0.38258921381754435
1224 1 0.4158819184729266
1225 1 0.5464451243362647
1226 1 0.552835888248516
1227 1 0.5765116840687937
1228 1 0.35678934071920904
1229 1 0.5319415781338781
1230 1 0.6083094511191206
1231 1 0.25475193015113945
1232 1 0.3569062548856629
1233 1 0.5144396797003618
1234 1 0.4709880188728549
1235 1 0.4403053702968438
1236 1 0.35986095292682624
1237 1 0.45874210948318467
1238 1 0.7516391976246064
1239 1 0.4857565392358181
1240 1 0.4426301623884531
1241 1 0.4534219143406298
1242 1 0.3577397585458925
1243 1 0.36566703840083553
1244 1 0.4265720127332709
1245 1 0.5017258654300679
1246 1 0.6630317734314602
1247 1 0.21866091193549586
1248 1 0.5552246127092083
1249 1 0.4524436445938433
1250 1 0.42467609090109143
1251 1 0.6980439996178954
1252 1 0.41348880269015087
1253 1 0.5236883262307063
1254 1 0.47579047398010565
1255 1 0.46524162309739425
1256 1 0.5539096452611506
1257 1 0.6219360416485121
1258 1 0.5258596588934545
1259 1 0.300848334453389
1260 1 0.2846885318210688
1261 1 0.4951418916661768
1262 1 0.45302657831772203
1263 1 0.5458745872086866
1264 1 0.35118918839374735
1265 1 0.4741413761206931
1266 1 0.4510578713065422
1267 1 0.4729948652679109
1268 1 0.38028691581154667
1269 1 0.4734485886242981
1270 1 0.5273973507364642
1271 1 0.54325994816876
1272 1 0.60782013431398
1273 1 0.5848496817766772
1274 1 0.3215604770859774
1275 1 0.536895711624744
1276 1 0.4662701323532633
1277 1 0.4727717872708586
1278 1 0.3384469589360047
1279 1 0.38196824165972243
1280 1 0.559438413226599
1281 1 0.42883154513058
1282 1 0.6774469290928193
1283 1 0.3585650713948029
1284 1 0.7428666820077466
1285 1 0.43022354597487206
1286 1 0.3705622967259912
1287 1 0.5008021158577902
1288 1 0.4391528862032481
1289 1 0.35049626833123165
1290 1 0.37162823344684076
1291 1 0.5056058003910101
1292 1 0.2767396775233099
1293 1 0.40401673149402795
1294 1 0.25792821329515425
1295 1 0.29183270255511895
1296 1 0.6428505531204768
1297 1 0.3673724150158695
1298 1 0.21057253096363449
1299 1 0.4109773161776024
1300 1 0.3937917682098306
1301 1 0.4253495761601671
1302 1 0.4309141311541855
1303 1 0.3457191552625091
1304 1 0.5191255323656767
1305 1 0.2676117238485307
1306 1 0.4493694462375312
1307 1 0.4773957726033569
1308 1 0.42187236764469743
1309 1 0.35612139189835224
1310 1 0.4375072980180158
1311 1 0.34902638073096975
1312 1 0.5119068824905642
1313 1 0.47269433398946353
1314 1 0.4308748172566665
1315 1 0.33639191255331413
1316 1 0.32631457939401926
1317 1 0.27281862210478436
1318 1 0.7403002651422532
1319 1 0.5345045538269316
1320 1 0.44983299945497307
1321 1 0.4797015678034606
1322 1 0.520348962907351
1323 1 0.43467230246920197
1324 1 0.3935112993438844
1325 1 0.4638777567775508
1326 1 0.42327814344014403
1327 1 0.2654621198268476
1328 1 0.5969926344374653
1329 1 0.24051329654096354
1330 1 0.3369371309385024
1331 1 0.5170948670558063
1332 1 0.4768900952530369
1333 1 0.5511463480155482
1334 1 0.326326200007044
1335 1 0.4298670845508739
1336 1 0.8225729809241098
1337 1 0.5932475899417539
1338 1 0.4123235184778575
1339 1 0.39429888992073
1340 1 0.34928971584181046
1341 1 0.6366061444242216
1342 1 0.326884462288378
1343 1 0.3935541096035048
1344 1 0.4340936205679118
1345 1 0.5660847080433353
1346 1 0.3742495931453539
1347 1 0.657566486333746
1348 1 0.49636693657477354
1349 1 0.532165279857302
1350 1 0.5109620121954989
1351 1 0.45972740051967675
1352 1 0.365456743050377
1353 1 0.43665439144786894
1354 1 0.4639056275564327
1355 1 0.48253654449349576
1356 1 0.43186677514875876
1357 1 0.5326377599331014
1358 1 0.4322263452205551
1359 1 0.543096115024947
1360 1 0.3033646160877529
1361 1 0.660155017613263
1362 1 0.5111132324217261
1363 1 0.3560823334263503
1364 1 0.31934878802351774
1365 1 0.44073106590275
1366 1 0.5047431507656578
1367 1 0.43423008241314287
1368 1 0.2789983238353558
1369 1 0.34498320390439347
1370 1 0.756717594658914
1371 1 0.38906181234921533
1372 1 0.5017911853060589
1373 1 0.4823056098737763
1374 1 0.4089786372977271
1375 1 0.4190841729285407
1376 1 0.40717217707427056
1377 1 0.5470981966314236
1378 1 0.33013237162850906
1379 1 0.6455246391908438
1380 1 0.3327944862571008
1381 1 0.43169802846109345
1382 1 0.6256759806845648
1383 1 0.48540045027269896
1384 1 0.3635402654267657
1385 1 0.7458533246013229
1386 1 0.7162941242557718
1387 1 0.5882339692068751
1388 1 0.46983997435762975
1389 1 0.5097289839221486
1390 1 0.40852048462436363
1391 1 0.7295736483609702
1392 1 0.33194566178053436
1393 1 0.567324729595558
1394 1 0.5419892150954483
1395 1 0.30824935925711666
1396 1 0.6079314635085933
1397 1 0.4523674681626992
1398 1 0.4791292540679965
1399 1 0.5833309452249258
1400 1 0.3045718239197334
1401 1 0.3458569721664557
1402 1 0.5828261095862722
1403 1 0.4746645924125253
1404 1 0.49680265589888595
1405 1 0.5895774466909451
1406 1 0.47439537419473965
1407 1 0.47107921049718726
1408 1 0.5419368550831039
1409 1 0.4686440066350807
1410 1 0.4664547387191328
1411 1 0.5491034946652825
1412 1 0.3663732441956
1413 1 0.530913844306615
1414 1 0.5077377586972136
1415 1 0.7683597169528393
1416 1 0.4589852884423005
1417 1 0.4005892652260203
1418 1 0.3885344612701564
1419 1 0.5833096320316618
1420 1 0.42438669129409795
1421 1 0.46196741269437175
1422 1 0.5802189286386457
1423 1 0.3820394435333183
1424 1 0.36694975983335626
1425 1 0.3093754951408743
1426 1 0.5229305275321537
1427 1 0.395028553540164
1428 1 0.542476824349113
1429 1 0.7340210317698108
1430 1 0.5876261618632505
1431 1 0.5915839464172753
1432 1 0.4819384524715788
1433 1 0.2674420963449669
1434 1 0.5690640913937924
1435 1 0.4470014228918011
1436 1 0.38795270899329526
1437 1 0.2785462600514929
1438 1 0.42415772048337635
1439 1 0.48989685319404214
1440 1 0.49110555364288866
1441 1 0.5112143762118395
1442 1 0.29037862859545466
1443 1 0.499854003516801
1444 1 0.46391177219026425
1445 1 0.5145948796835613
1446 1 0.5093626527008586
1447 1 0.5112414260791787
1448 1 0.6080380144988247
1449 1 0.5157942336662243
1450 1 0.5095314518048353
1451 1 0.25137160916583484
1452 1 0.5566469900539324
1453 1 0.6345149374427421
1454 1 0.6305300594797864
1455 1 0.6291809335141653
1456 1 0.5618010876125572
1457 1 0.4740849451081674
1458 1 0.5025290882704334
1459 1 0.39471693551852954
1460 1 0.5237940585280747
1461 1 0.4014853559033414
1462 1 0.48335899330406096
1463 1 0.4276229201168483
1464 1 0.49171895372373325
1465 1 0.41624869703554035
1466 1 0.4620424914336625
1467 1 0.39421054957733387
1468 1 0.4745711166572923
1469 1 0.5044127055815258
1470 1 0.5026376516032847
1471 1 0.7236949050047164
1472 1 0.39398618141795144
1473 1 0.36296951114589765
1474 1 0.323915745795947
1475 1 0.30309767839551344
1476 1 0.5540285237912724
1477 1 0.6680958580394206
1478 1 0.5356439413307355
1479 1 0.5014784191176045
1480 1 0.35028956446877274
1481 1 0.30319675520801587
1482 1 0.5013498016923014
1483 1 0.5519469955232833
1484 1 0.6796897778496966
1485 1 0.37541347903467465
1486 1 0.5492138226806155
1487 1 0.4826988667163339
1488 1 0.6306966673600807
1489 1 0.4017952544480958
1490 1 0.6040107603054933
1491 1 0.5331357856113048
1492 1 0.5480716665416998
1493 1 0.4568935495323282
1494 1 0.45291497317480295
1495 1 0.40316782132095264
1496 1 0.4747682474708887
1497 1 0.4088520252816693
1498 1 0.31679465820700753
1499 1 0.39381650260741613
1500 1 0.46421862504226097
1501 1 0.5522332446048964
1502 1 0.49029323310581724
1503 1 0.3879631215351443
1504 1 0.37665945524626726
1505 1 0.4088804191143247
1506 1 0.4065599728618624
1507 1 0.47688160686128384
1508 1 0.4450954013516307
1509 1 0.40242413370355123
1510 1 0.4508712831049007
1511 1 0.558293893084308
1512 1 0.4085026894253294
1513 1 0.5861683957429886
1514 1 0.5681777149288393
1515 1 0.531473066166982
1516 1 0.5365279879045162
1517 1 0.327868347513853
1518 1 0.4589053366500648
1519 1 0.6149169919776637
1520 1 0.5523591324993199
1521 1 0.42895704503336535
1522 1 0.6389718248440353
1523 1 0.5932186786020244
1524 1 0.4731792089975539
1525 1 0.6163917004918945
1526 1 0.5490574872880051
1527 1 0.3114313055814366
1528 1 0.8290909456345831
1529 1 0.4854722506351832
1530 1 0.5213680150403796
1531 1 0.30314329639447796
1532 1 0.39183300781773217
1533 1 0.4554611049278059
1534 1 0.4857479149499243
1535 1 0.45720595490797283
1536 1 0.5203161738699221
1537 1 0.635697829098288
1538 1 0.6987820390310806
1539 1 0.40701126177178926
1540 1 0.549491047281958
1541 1 0.4049179356737225
1542 1 0.507821030743838
1543 1 0.6558155463547387
1544 1 0.3857472499838412
1545 1 0.4921316633965049
1546 1 0.37148115494121486
1547 1 0.5043389588821472
1548 1 0.5158101696115485
1549 1 0.5574597579323276
1550 1 0.37297592780929173
1551 1 0.6751100596174721
1552 1 0.5481995953442459
1553 1 0.501664975980393
1554 1 0.6738880637296526
1555 1 0.5642971393240915
1556 1 0.6934701694846453
1557 1 0.5179753881473128
1558 1 0.6253866523526612
1559 1 0.37014734701858076
1560 1 0.304395247233559
1561 1 0.5445151316243756
1562 1 0.37804839569904763
1563 1 0.37211846850810243
1564 1 0.7080513270493661
1565 1 0.4698523615245412
1566 1 0.4857007247389543
1567 1 0.49797741470612367
1568 1 0.46403505258119937
1569 1 0.5594025438295399
1570 1 0.4388504318840446
1571 1 0.4594539418500369
1572 1 0.4515628195431979
1573 1 0.3071569797552006
1574 1 0.22927503832060145
1575 1 0.5487997474103993
1576 1 0.41612346309700154
1577 1 0.5216909932574919
1578 1 0.4136492559525543
1579 1 0.44959810033170494
1580 1 0.311680001565323
1581 1 0.5235996161997809
1582 1 0.5945980113390696
1583 1 0.4350636945113498
1584 1 0.2936068421599289
1585 1 0.7061719102538909
1586 1 0.47174642299367026
1587 1 0.5259733612434974
1588 1 0.540906277185614
1589 1 0.2494529919028477
1590 1 0.53099072572328
1591 1 0.3523333854407858
1592 1 0.694201273304634
1593 1 0.415004540973426
1594 1 0.5406694699976788
1595 1 0.7335036284191735
1596 1 0.5361246363459972
1597 1 0.4744789005575414
1598 1 0.7289503579600449
1599 1 0.3942522893239288
1600 1 0.6481357427644371
1601 1 0.43644968495194086
1602 1 0.5311097404248776
1603 1 0.4250259789313778
1604 1 0.6072049071502826
1605 1 0.41107089787479806
1606 1 0.31284186706930955
1607 1 0.43765039787600907
1608 1 0.6412408800925755
1609 1 0.4165395776113308
1610 1 0.5245406559440932
1611 1 0.4091714733018129
1612 1 0.42589954862159396
1613 1 0.6133472804244614
1614 1 0.5807456651433873
1615 1 0.4215125049844965
1616 1 0.40611689972340265
1617 1 0.4264856151214143
1618 1 0.5494430552955588
1619 1 0.6023635469372743
1620 1 0.5952475955921767
1621 1 0.5305197696031992
1622 1 0.25139717224034264
1623 1 0.4075507479202622
1624 1 0.6772258076940556
1625 1 0.5424382176557946
1626 1 0.40622891587676313
1627 1 0.4548533061815656
1628 1 0.28465937032518684
1629 1 0.276939321546501
1630 1 0.32068309320777216
1631 1 0.5347072701670385
1632 1 0.452060605881313
1633 1 0.272560990942491
1634 1 0.4088647347118282
1635 1 0.6612945141097141
1636 1 0.5840438922010653
1637 1 0.5336761095887544
1638 1 0.404166864012461
1639 1 0.5155516981242635
1640 1 0.5003364576678452
1641 1 0.27626555340574505
1642 1 0.3756492137682396
1643 1 0.25095919291347285
1644 1 0.4109322165177168
1645 1 0.37638814314937774
1646 1 0.5185048425348652
1647 1 0.5117891621113214
1648 1 0.35481272633306027
1649 1 0.4550355183145471
1650 1 0.4924833125039185
1651 1 0.36174178080268304
1652 1 0.5747276985175002
1653 1 0.4287520409570029
1654 1 0.48706611917454135
1655 1 0.2943906035726963
1656 1 0.5051356008407568
1657 1 0.6432302230449969
1658 1 0.45478208849987584
1659 1 0.6189194368929648
1660 1 0.4932265774628092
1661 1 0.6910848387721117
1662 1 0.6559325195935436
1663 1 0.39283624325947825
1664 1 0.5249852585849712
1665 1 0.5479445705761008
1666 1 0.5235770896659765
1667 1 0.3664061547057505
1668 1 0.3957792840793992
1669 1 0.38520799208205736
1670 1 0.3597769451104981
1671 1 0.46056018338629146
1672 1 0.43135165287833727
1673 1 0.5866359331547626
1674 1 0.3691702354226734
1675 1 0.44295894578138084
1676 1 0.5451230615500618
1677 1 0.43834898250550497
1678 1 0.46187702839216815
1679 1 0.5648195302670214
1680 1 0.4844260743090408
1681 1 0.4033161359085873
1682 1 0.8295342098568443
1683 1 0.5380739182604614
1684 1 0.462605793446265
1685 1 0.19844336046471028
1686 1 0.8413716078706804
1687 1 0.38557544761935897
1688 1 0.4982111321050393
1689 1 0.40996626571343625
1690 1 0.6664560938887825
1691 1 0.45324833065356684
1692 1 0.3663556403577023
1693 1 0.683377955639628
1694 1 0.6106936780384311
1695 1 0.7300761202735837
1696 1 0.5322645779831189
1697 1 0.561676677358911
1698 1 0.5606353582776199
1699 1 0.45427261998037005
1700 1 0.641564675615876
1701 1 0.718754349279834
1702 1 0.3575122673172928
1703 1 0.45904710446814595
1704 1 0.6490463824348437
1705 1 0.5758609763316799
1706 1 0.2867921054466711
1707 1 0.351289842410285
1708 1 0.6587894706434366
1709 1 0.5342839488259019
1710 1 0.5273552152328518
1711 1 0.688324685673185
1712 1 0.5068866498124114
1713 1 0.5301310291608016
1714 1 0.6364095330590441
1715 1 0.7095398521149985
1716 1 0.5059422875950307
1717 1 0.3791646570708188
1718 1 0.44945808915339125
1719 1 0.3171013105458132
1720 1 0.34129826427769633
1721 1 0.620454982717894
1722 1 0.3363480772636052
1723 1 0.5353477589421197
1724 1 0.39769546661859123
1725 1 0.3824305765445942
1726 1 0.39128277493875846
1727 1 0.3856869326762315
1728 1 0.4368486926126577
1729 1 0.43493507098467715
1730 1 0.4332198514738445
1731 1 0.5164812586963912
1732 1 0.3848695241516048
1733 1 0.45067061321961605
1734 1 0.6075213666086745
1735 1 0.48267733304176025
1736 1 0.757718019033296
1737 1 0.4446356168392412
1738 1 0.5831112021810161
1739 1 0.3311352814789878
1740 1 0.4002441562321207
1741 1 0.29573210643170394
1742 1 0.4301804630949657
1743 1 0.45852958741016636
1744 1 0.42466910732894336
1745 1 0.333914130838301
1746 1 0.42124182021933304
1747 1 0.593281251475032
1748 1 0.5719271171891022
1749 1 0.5182761862220118
1750 1 0.4734218560281769
1751 1 0.4916392692824188
1752 1 0.436548077856381
1753 1 0.6888863919003089
1754 1 0.4568447743519437
1755 1 0.7054153681601358
1756 1 0.3390568335345752
1757 1 0.5430553157212715
1758 1 0.4365385281036568
1759 1 0.4203873242424122
1760 1 0.3550488643116871
1761 1 0.5972991902636978
1762 1 0.5228767511700629
1763 1 0.5143358787637985
1764 1 0.5874327772905731
1765 1 0.46724715048728216
1766 1 0.48376325202530174
1767 1 0.5661433885198892
1768 1 0.3544732059163561
1769 1 0.3469333877122148
1770 1 0.45563746362868546
1771 1 0.44269086630102594
1772 1 0.5543752027784976
1773 1 0.31843313219531577
1774 1 0.582584054943168
1775 1 0.29315282760181205
1776 1 0.28830803647775793
1777 1 0.4107277524125616
1778 1 0.49378498451300307
1779 1 0.6247753708337337
1780 1 0.6465119653114242
1781 1 0.5251710893847803
1782 1 0.5640277616386922
1783 1 0.4009801869080408
1784 1 0.6048384288377295
1785 1 0.44981419586594906
1786 1 0.48519592654052307
1787 1 0.5884500586397498
1788 1 0.7051725239443415
1789 1 0.42763930756352075
1790 1 0.5250092128392563
1791 1 0.4838507839372291
1792 1 0.5269672047361234
1793 1 0.557528428569555
1794 1 0.42038424693346677
1795 1 0.5087118076829296
1796 1 0.3767911949087826
1797 1 0.5317886889057373
1798 1 0.42501056853584224
1799 1 0.6373167972854012
1800 1 0.6194165185228941
1801 1 0.4957150601480514
1802 1 0.5999774754630072
1803 1 0.44181308222844357
1804 1 0.4434477536768319
1805 1 0.36300501279677255
1806 1 0.31051604356890716
1807 1 0.5758321914567016
1808 1 0.5515986442061247
1809 1 0.5351450528634072
1810 1 0.5785616704747619
1811 1 0.5440405055304958
1812 1 0.4960164811171168
1813 1 0.3643397176207342
1814 1 0.5061354633344679
1815 1 0.573626525832687
1816 1 0.36382152358806674
1817 1 0.520446945633355
1818 1 0.39472544609708116
1819 1 0.4507266573498437
1820 1 0.5389630492164426
1821 1 0.4789647672456342
1822 1 0.5114866051781751
1823 1 0.4975665653964025
1824 1 0.6284636337655041
1825 1 0.41446268915756795
1826 1 0.3912600983667295
1827 1 0.5561012491696405
1828 1 0.5007302983005372
1829 1 0.46482944174776086
1830 1 0.5484878132268867
1831 1 0.4969619695918539
1832 1 0.5655544884885713
1833 1 0.6051963282436024
1834 1 0.48787032489007837
1835 1 0.4251252479370219
1836 1 0.4195291139180952
1837 1 0.34758203595976217
1838 1 0.5040057727964015
1839 1 0.29316575917729043
1840 1 0.4130907202189294
1841 1 0.5065659923344172
1842 1 0.3550377889392343
1843 1 0.5031038910873492
1844 1 0.48257957939445045
1845 1 0.45402944934130357
1846 1 0.43722981965516616
1847 1 0.483857770837397
1848 1 0.49435356115960283
1849 1 0.5373226067044417
1850 1 0.3137095558712607
1851 1 0.41699968078161315
1852 1 0.5050541874931728
1853 1 0.40901943327338286
1854 1 0.5640686524629114
1855 1 0.43241833701695975
1856 1 0.48295538160533014
1857 1 0.5257676632750132
1858 1 0.6536904459879374
1859 1 0.6385750563859522
1860 1 0.43831195357089153
1861 1 0.5566054829913862
1862 1 0.5568366336550558
1863 1 0.3759117030073894
1864 1 0.29590701799865443
1865 1 0.45164866775445767
1866 1 0.468797433061079
1867 1 0.6474693864010392
1868 1 0.4287884985815561
1869 1 0.5154679673655812
1870 1 0.6649806643036019
1871 1 0.5267018692080669
1872 1 0.506327090435373
1873 1 0.3594266069655381
1874 1 0.46458761174599084
1875 1 0.4312386907353578
1876 1 0.503575547200921
1877 1 0.546134671676219
1878 1 0.5621437946081892
1879 1 0.33033263022601733
1880 1 0.39873691687932794
1881 1 0.46912721014524256
1882 1 0.4405716182569865
1883 1 0.381682712817054
1884 1 0.42815069607309764
1885 1 0.5570372006490626
1886 1 0.5633944788584135
1887 1 0.6227816482072976
1888 1 0.41011752615323566
1889 1 0.4747113588556449
1890 1 0.4180772958011636
1891 1 0.448729304408511
1892 1 0.4217898144503429
1893 1 0.47311548185635677
1894 1 0.3802685143582446
1895 1 0.34509186985118734
1896 1 0.548259963681492
1897 1 0.430004221429448
1898 1 0.60002139894524
1899 1 0.3786060969317156
1900 1 0.37422408387383244
1901 1 0.5904687724759633
1902 1 0.550443405344166
1903 1 0.49514708864637935
1904 1 0.4896051300745806
1905 1 0.47787482108083845
1906 1 0.43505815391310604
1907 1 0.41754189840231065
1908 1 0.5093770752291931
1909 1 0.42974633733765216
1910 1 0.3707687984112492
1911 1 0.42368792889287943
1912 1 0.5747006553062005
1913 1 0.4958226317310116
1914 1 0.25027664573390385
1915 1 0.5846336245146602
1916 1 0.35526918143900704
1917 1 0.3711352203210778
1918 1 0.7743729724894098
1919 1 0.41904728904012223
1920 1 0.5544408146882235
1921 1 0.4630716845975938
1922 1 0.6327233501396288
1923 1 0.6702090291193639
1924 1 0.43867717462025396
1925 1 0.44977795872270543
1926 1 0.4318969849708676
1927 1 0.5800656650082809
1928 1 0.8267610774808224
1929 1 0.6059196345132746
1930 1 0.4444461518418453
1931 1 0.34521568854932005
1932 1 0.5287012433667388
1933 1 0.4395921634578274
1934 1 0.4035242516834329
1935 1 0.31327078752637094
1936 1 0.37560610509618014
1937 1 0.5102358002872341
1938 1 0.4796901191381238
1939 1 0.48047841331381536
1940 1 0.4753536081531833
1941 1 0.35241862462442813
1942 1 0.42329498876686966
1943 1 0.5943479475390587
1944 1 0.4684556016119809
1945 1 0.46096606978653376
1946 1 0.4923650188732707
1947 1 0.3919048894393657
1948 1 0.4354216646376427
1949 1 0.569838902097394
1950 1 0.3574939928834118
1951 1 0.5555377724360001
1952 1 0.4463894563554714
1953 1 0.5612052802762109
1954 1 0.4554660115382839
1955 1 0.47548076929250277
1956 1 0.4286739484184774
1957 1 0.3334887685890416
1958 1 0.3576605644328237
1959 1 0.499309999026823
1960 1 0.45042813647267116
1961 1 0.4703503702853108
1962 1 0.3313813954742042
1963 1 0.49410826946260417
1964 1 0.34516799691670497
1965 1 0.39311272321639756
1966 1 0.3601717896958202
1967 1 0.5451720067367893
1968 1 0.46644931182823113
1969 1 0.3428868809245256
1970 1 0.44303258432011694
1971 1 0.5805730540701016
1972 1 0.3323630659025237
1973 1 0.4333185716335619
1974 1 0.4735135926157462
1975 1 0.5395198180489057
1976 1 0.49617621441791043
1977 1 0.5888784787845059
1978 1 0.1900031254348846
1979 1 0.43557741540811407
1980 1 0.5581726455587813
1981 1 0.4121598933352801
1982 1 0.5923732104333941
1983 1 0.6740899006405358
1984 1 0.30524531583484865
1985 1 0.625393167228692
1986 1 0.33831639794715723
1987 1 0.2699771266560288
1988 1 0.4074984239614652
1989 1 0.6363860447275266
1990 1 0.547148362646736
1991 1 0.5612778380405272
1992 1 0.699177539236297
1993 1 0.5445286164831405
1994 1 0.4051712107354746
1995 1 0.31763936758713074
1996 1 0.360560829105327
1997 1 0.5166641805295882
1998 1 0.49588336365441743
1999 1 0.56755225826438
2000 1 0.5860563920697023
