4001 1 0.4039086584894227
4002 1 0.5490256073546427
4003 1 0.3550796620839549
4004 1 0.2231794015373642
4005 1 0.6052613635739034
4006 1 0.37872726430743303
4007 1 0.2686687836313193
4008 1 0.751652958709012
4009 1 0.29774320908670815
4010 1 0.4358211997894927
4011 1 0.5771100487109966
4012 1 0.38714301897851544
4013 1 0.5253797986564847
4014 1 0.36406199437109654
4015 1 0.6708714589741054
4016 1 0.2371392707823851
4017 1 0.3454119601791463
4018 1 0.5023022055147813
4019 1 0.5644063685382313
4020 1 0.5053376790330731
4021 1 0.585548481895453
4022 1 0.5116386743267781
4023 1 0.37631785675855295
4024 1 0.26792396698321175
4025 1 0.5546587691988428
4026 1 0.5882765204356235
4027 1 0.6422982183196846
4028 1 0.29832970684242355
4029 1 0.40859428013469884
4030 1 0.4548649157011912
4031 1 0.4716465538351281
4032 1 0.5337792008251021
4033 1 0.29738684140193355
4034 1 0.4696214651770489
4035 1 0.4707267196781074
4036 1 0.3931800920432256
4037 1 0.3620122564572709
4038 1 0.37153482785735786
4039 1 0.38218909598489975
4040 1 0.33717287510145677
4041 1 0.49275862709924895
4042 1 0.4062549623461422
4043 1 0.36752427172587726
4044 1 0.5800735793166243
4045 1 0.34899095312853473
4046 1 0.5662744928079638
4047 1 0.4492554574004534
4048 1 0.5797072356152599
4049 1 0.23378183658902488
4050 1 0.2767560119990011
4051 1 0.46118444695566385
4052 1 0.37236396155029705
4053 1 0.42031489682553674
4054 1 0.29723624157405815
4055 1 0.511556144983232
4056 1 0.4749546750955764
4057 1 0.45765076721409614
4058 1 0.4760194592122463
4059 1 0.4624916346028439
4060 1 0.5025994853179155
4061 1 0.720794342751779
4062 1 0.4044925520696696
4063 1 0.37831989277836936
4064 1 0.4988184995953846
4065 1 0.3749151732481408
4066 1 0.41202491079483583
4067 1 0.40009248034452033
4068 1 0.5583130646968514
4069 1 0.4890308356126845
4070 1 0.6248333316260128
4071 1 0.34290232931495357
4072 1 0.4994899472743574
4073 1 0.3662817164412712
4074 1 0.7031573314303774
4075 1 0.2512330265400067
4076 1 0.36799484124099496
4077 1 0.5381735946711921
4078 1 0.3680518674143892
4079 1 0.5540629427263829
4080 1 0.3583331328224533
4081 1 0.6363104825933646
4082 1 0.4435852108773088
4083 1 0.565498611591337
4084 1 0.2787858810801419
4085 1 0.4934770794520897
4086 1 0.6336783323454239
4087 1 0.4882208577241949
4088 1 0.4809295111399404
4089 1 0.6959210053329371
4090 1 0.5768110394469231
4091 1 0.6914589936132062
4092 1 0.5610479093147825
4093 1 0.5941786869496742
4094 1 0.5921249121478699
4095 1 0.3721983909028304
4096 1 0.30604523201023975
4097 1 0.4868228783697247
4098 1 0.31139544256308194
4099 1 0.7168477303601152
4100 1 0.4570813141889576
4101 1 0.36667355471540286
4102 1 0.4815202831823778
4103 1 0.2677914066864886
4104 1 0.5089227101196606
4105 1 0.466433981582505
4106 1 0.5730227140541287
4107 1 0.2738036172248522
4108 1 0.46091799903700026
4109 1 0.26836492738378864
4110 1 0.3860637202582974
4111 1 0.27675287478569977
4112 1 0.5837410265940857
4113 1 0.5495758801698535
4114 1 0.5599155580767732
4115 1 0.3758377901843574
4116 1 0.31425189024998507
4117 1 0.5314608980947053
4118 1 0.413790684589954
4119 1 0.5250003969148909
4120 1 0.6170551761768479
4121 1 0.4086250618215378
4122 1 0.6476082957274748
4123 1 0.18428833780450518
4124 1 0.6273652066969997
4125 1 0.4207877285620917
4126 1 0.3891913100357471
4127 1 0.4484564414544095
4128 1 0.5857332907158583
4129 1 0.7359299764206775
4130 1 0.49252180576722976
4131 1 0.42713831828371396
4132 1 0.5240289152190909
4133 1 0.46638536420572446
4134 1 0.4840168160701036
4135 1 0.34938861904261515
4136 1 0.4591045006064043
4137 1 0.5300689102851575
4138 1 0.4989006329045784
4139 1 0.586362284233326
4140 1 0.46905050344961535
4141 1 0.6868247754519263
4142 1 0.46416733193758697
4143 1 0.44478371482825596
4144 1 0.5216845016775996
4145 1 0.40535540914158763
4146 1 0.6165286540520462
4147 1 0.3787891333042597
4148 1 0.45440420932732595
4149 1 0.39174770928440406
4150 1 0.6806795733609446
4151 1 0.5865707250447688
4152 1 0.48684925958242536
4153 1 0.2909573118834198
4154 1 0.63106451532638
4155 1 0.3724539972424299
4156 1 0.5301988824918409
4157 1 0.4235474326556846
4158 1 0.4360185671698277
4159 1 0.3776432378577996
4160 1 0.48724767430095356
4161 1 0.3454193436683365
4162 1 0.5615348011028523
4163 1 0.3486988226039866
4164 1 0.5549336575303082
4165 1 0.4246279724499412
4166 1 0.6268741318654167
4167 1 0.3125018629803991
4168 1 0.3838140629276448
4169 1 0.5650712600182612
4170 1 0.4956526206731695
4171 1 0.2948833701476614
4172 1 0.5475423957499048
4173 1 0.43527058585225575
4174 1 0.3876569281857316
4175 1 0.4814311197087591
4176 1 0.484888519573235
4177 1 0.36650829412844455
4178 1 0.6070678335040841
4179 1 0.45372344485701266
4180 1 0.42672536705217423
4181 1 0.5984063911016506
4182 1 0.4092437326536901
4183 1 0.521032400609543
4184 1 0.3939815188622565
4185 1 0.8230555992574623
4186 1 0.5874713032794121
4187 1 0.5096289497492928
4188 1 0.2793233559953351
4189 1 0.5208020237104695
4190 1 0.6982546427464198
4191 1 0.5278872019661126
4192 1 0.3398363359140446
4193 1 0.7383509338621624
4194 1 0.49933863441824666
4195 1 0.479476730670626
4196 1 0.5213370478164385
4197 1 0.3258362370113984
4198 1 0.22983227862253158
4199 1 0.6187416809784527
4200 1 0.5385370502060677
4201 1 0.5761468052507973
4202 1 0.5225825617106183
4203 1 0.5004682555707063
4204 1 0.5530237649484776
4205 1 0.3276105152836987
4206 1 0.4747270016578943
4207 1 0.6070986085348835
4208 1 0.42388757152939577
4209 1 0.3744008447104339
4210 1 0.45653825402458875
4211 1 0.3227263112535374
4212 1 0.430010144749965
4213 1 0.4054145103353072
4214 1 0.399037785674447
4215 1 0.5987131177662312
4216 1 0.4656850961528961
4217 1 0.36501080337755715
4218 1 0.25078924980270095
4219 1 0.6936565729811897
4220 1 0.5357127392647189
4221 1 0.4622849265803603
4222 1 0.24487906969438403
4223 1 0.3938734943912728
4224 1 0.37751581463692335
4225 1 0.5386257305621499
4226 1 0.48057301893175947
4227 1 0.6325346633441887
4228 1 0.538294496914668
4229 1 0.4695320665233666
4230 1 0.6156984137925343
4231 1 0.5769809226533391
4232 1 0.4423157815557412
4233 1 0.49969519845618765
4234 1 0.2984638981461679
4235 1 0.486549029212432
4236 1 0.2741291008861799
4237 1 0.45664615924153085
4238 1 0.4725591381784191
4239 1 0.586884614439895
4240 1 0.44399979089718977
4241 1 0.36842049496931906
4242 1 0.3171986063130699
4243 1 0.4278409553319473
4244 1 0.6940951147434004
4245 1 0.2374709711846395
4246 1 0.6945948182982367
4247 1 0.3279922965594266
4248 1 0.5808278325647839
4249 1 0.45867641104494505
4250 1 0.550659259596977
4251 1 0.6616032628236387
4252 1 0.31577892133633795
4253 1 0.5142525501408381
4254 1 0.5928473589564373
4255 1 0.6716301456992659
4256 1 0.5147906030221308
4257 1 0.4228053987867729
4258 1 0.4204944168678609
4259 1 0.45186718442308305
4260 1 0.4719218670437836
4261 1 0.6362480536572122
4262 1 0.36807621770302645
4263 1 0.44657747505094286
4264 1 0.5564594009503457
4265 1 0.4446019927461852
4266 1 0.46887543463373094
4267 1 0.5924914502610557
4268 1 0.3997132181024219
4269 1 0.49450218525307593
4270 1 0.23944419376397463
4271 1 0.32189319919030057
4272 1 0.5227524363196498
4273 1 0.638423063781804
4274 1 0.3923003688444585
4275 1 0.4671736991496581
4276 1 0.510248611221996
4277 1 0.43186143312236125
4278 1 0.4682724767695781
4279 1 0.4557990966740967
4280 1 0.23894822036462807
4281 1 0.39223882460689435
4282 1 0.3657718041857964
4283 1 0.43138472230143177
4284 1 0.7251402967154761
4285 1 0.2539655767656427
4286 1 0.6284699683737973
4287 1 0.5339068403672632
4288 1 0.5279559815959873
4289 1 0.6261223299811509
4290 1 0.44648714926642036
4291 1 0.4368624259635653
4292 1 0.38951508780960875
4293 1 0.6092704592593757
4294 1 0.5045672241526781
4295 1 0.4466818628283252
4296 1 0.5934557897490983
4297 1 0.33130022867741793
4298 1 0.4384478712848906
4299 1 0.39780429979837845
4300 1 0.43656751487850093
4301 1 0.3339705526987724
4302 1 0.5035211651392326
4303 1 0.3888083792065242
4304 1 0.4181274742965501
4305 1 0.7954552416724988
4306 1 0.5697993777026246
4307 1 0.577390098523787
4308 1 0.6001784753769188
4309 1 0.4817753839403077
4310 1 0.6221824141199304
4311 1 0.5201144842239135
4312 1 0.24742421358018576
4313 1 0.5021134726817346
4314 1 0.45562380044352807
4315 1 0.42597843988486384
4316 1 0.47596611826607504
4317 1 0.487849445171389
4318 1 0.44281056102799604
4319 1 0.48654022049877604
4320 1 0.6459748320729272
4321 1 0.44233931010083083
4322 1 0.49786688506825966
4323 1 0.33503656097204704
4324 1 0.5410786444814518
4325 1 0.599673011297199
4326 1 0.4338071956559208
4327 1 0.6089882467884061
4328 1 0.5298121016984166
4329 1 0.6695103471452898
4330 1 0.5348447087860715
4331 1 0.5721779400549553
4332 1 0.556166734059945
4333 1 0.5128232948885934
4334 1 0.5734426821380144
4335 1 0.3013347381318926
4336 1 0.3675886653030328
4337 1 0.3792278877824004
4338 1 0.3342599550791157
4339 1 0.5249786779805501
4340 1 0.5669417169525159
4341 1 0.38839649155463535
4342 1 0.361147260855317
4343 1 0.5721910069699041
4344 1 0.5182066258941663
4345 1 0.3843636052425166
4346 1 0.35460278208868723
4347 1 0.5581530959386591
4348 1 0.40814514750424663
4349 1 0.42102511926282615
4350 1 0.7465234152802354
4351 1 0.47167914596472077
4352 1 0.41636091841678663
4353 1 0.5305785019413944
4354 1 0.4217363342820114
4355 1 0.5263516985734353
4356 1 0.3914229663848095
4357 1 0.7038411138599503
4358 1 0.6049441392256346
4359 1 0.37865644460144043
4360 1 0.523509092952752
4361 1 0.4141245301782839
4362 1 0.4067291635628317
4363 1 0.45096407051471177
4364 1 0.6758757152160269
4365 1 0.5833447431948838
4366 1 0.5287215792315312
4367 1 0.42775812813063185
4368 1 0.4605308701881752
4369 1 0.3806074662382385
4370 1 0.5918069878061102
4371 1 0.6116418003634797
4372 1 0.41192526017625836
4373 1 0.41033969338221143
4374 1 0.5354948632398989
4375 1 0.38710089734165215
4376 1 0.47873963807906494
4377 1 0.4706645359060777
4378 1 0.6801406737759558
4379 1 0.4574966247091778
4380 1 0.5323802923984468
4381 1 0.42455078651946737
4382 1 0.45961690222066554
4383 1 0.7204012109872974
4384 1 0.5459535220135484
4385 1 0.38827382851136727
4386 1 0.6272127268152904
4387 1 0.3628580651932575
4388 1 0.6244091549837959
4389 1 0.3410369481655149
4390 1 0.44538212023870105
4391 1 0.3928748360860477
4392 1 0.5844173470486689
4393 1 0.5295935062666569
4394 1 0.44149623561041873
4395 1 0.6587885432352613
4396 1 0.38836547801575266
4397 1 0.5155628295183825
4398 1 0.595844405771813
4399 1 0.42539658388471985
4400 1 0.9174057073746877
4401 1 0.6359657912659461
4402 1 0.5756908241103326
4403 1 0.33822836017622504
4404 1 0.7157508674609018
4405 1 0.5587391893399726
4406 1 0.23411929612948776
4407 1 0.5436429150515302
4408 1 0.5703429054537708
4409 1 0.41093437224252144
4410 1 0.42416107179928264
4411 1 0.5864396609702663
4412 1 0.456881203410994
4413 1 0.42055508583622614
4414 1 0.6982042715032216
4415 1 0.42745319138601656
4416 1 0.44433757464224505
4417 1 0.6424017247264984
4418 1 0.40682913117529207
4419 1 0.3758674220403666
4420 1 0.499241311472162
4421 1 0.3263207941936009
4422 1 0.5951866723076341
4423 1 0.4001368445120373
4424 1 0.42464615037124886
4425 1 0.5205384825397382
4426 1 0.35206477458660795
4427 1 0.3875250040954541
4428 1 0.45763056863011936
4429 1 0.34633258585020177
4430 1 0.4586075082783388
4431 1 0.46824011011332467
4432 1 0.417280613906317
4433 1 0.36595486496381874
4434 1 0.6570171314973212
4435 1 0.37308691394053395
4436 1 0.44587881637300736
4437 1 0.5993852610013355
4438 1 0.48614690569320723
4439 1 0.4566600284865789
4440 1 0.27783208780940877
4441 1 0.4358863676859144
4442 1 0.39331003790308605
4443 1 0.4691858426428448
4444 1 0.6130622596594775
4445 1 0.5055985955055474
4446 1 0.43250091655813755
4447 1 0.4042459582849367
4448 1 0.515592212882249
4449 1 0.5551671167303568
4450 1 0.5148377258407006
4451 1 0.43146962701908725
4452 1 0.5218966144041863
4453 1 0.36893582302229627
4454 1 0.7029266425294507
4455 1 0.5027608030334538
4456 1 0.41871922449946447
4457 1 0.513157314920626
4458 1 0.43650530919700786
4459 1 0.5072252630663939
4460 1 0.5445762845422821
4461 1 0.3537636019360736
4462 1 0.7230079493082948
4463 1 0.3701985061704591
4464 1 0.3584437500981713
4465 1 0.39184814836633153
4466 1 0.3740862031828402
4467 1 0.42627306919758773
4468 1 0.6799211991923073
4469 1 0.5431300283783879
4470 1 0.5227919329809213
4471 1 0.6615942419487225
4472 1 0.35704423735859303
4473 1 0.5297554551966109
4474 1 0.4328007611551728
4475 1 0.5741136064858786
4476 1 0.5763236842321007
4477 1 0.5121867098807
4478 1 0.3652501124043529
4479 1 0.2832584933748387
4480 1 0.5761319583999426
4481 1 0.5944639184892434
4482 1 0.531733098218203
4483 1 0.5329346414832032
4484 1 0.32160983050979663
4485 1 0.4206197431589484
4486 1 0.4572582156343943
4487 1 0.4411797118103111
4488 1 0.31535793931576317
4489 1 0.4900283734845878
4490 1 0.4036802295912534
4491 1 0.6086465229452805
4492 1 0.5773953018826942
4493 1 0.5580365888999569
4494 1 0.34597504503845894
4495 1 0.674322348122575
4496 1 0.41028404389966133
4497 1 0.4094724000599428
4498 1 0.5623522723051844
4499 1 0.42280876008673873
4500 1 0.44322182107082364
4501 1 0.5359915360780667
4502 1 0.5230807285523269
4503 1 0.4098743613382036
4504 1 0.5883561826901396
4505 1 0.4723235426670145
4506 1 0.29105739431256217
4507 1 0.5621468896665734
4508 1 0.609372809456655
4509 1 0.5637950060374896
4510 1 0.5645604317253453
4511 1 0.32843316183410515
4512 1 0.39876625032289786
4513 1 0.24716436845274176
4514 1 0.4259539842089338
4515 1 0.37846103714741397
4516 1 0.4640184751600651
4517 1 0.4544922673437117
4518 1 0.5160804009340182
4519 1 0.5290149694115616
4520 1 0.3592931372874134
4521 1 0.4534755223603874
4522 1 0.608217591117485
4523 1 0.3203590450323043
4524 1 0.40566688239436227
4525 1 0.5194467728018004
4526 1 0.2549838129791579
4527 1 0.4236894212324105
4528 1 0.3723423432885542
4529 1 0.5147926009433316
4530 1 0.5449424332771549
4531 1 0.36967795922781566
4532 1 0.4784172464254365
4533 1 0.4612258713723858
4534 1 0.46420715640880555
4535 1 0.635927537897393
4536 1 0.5732662474473501
4537 1 0.5057246620036984
4538 1 0.5984434491564371
4539 1 0.3112588980720266
4540 1 0.5113415420658537
4541 1 0.3512749503538282
4542 1 0.3935550519877691
4543 1 0.6694048858041974
4544 1 0.4080299952469248
4545 1 0.3417999754604579
4546 1 0.46139148445210443
4547 1 0.6977338140314361
4548 1 0.32198538866589327
4549 1 0.289278022783342
4550 1 0.5790412109444992
4551 1 0.4165097319300515
4552 1 0.35331594139969874
4553 1 0.4561312782525425
4554 1 0.3289775704011499
4555 1 0.30674207636273193
4556 1 0.5485205393092751
4557 1 0.32800570792442146
4558 1 0.5304205979421334
4559 1 0.5167266005910213
4560 1 0.5452181280987438
4561 1 0.17650525633141384
4562 1 0.6196122465761582
4563 1 0.6526798922307213
4564 1 0.488598416020172
4565 1 0.7151170932430374
4566 1 0.5309970323207402
4567 1 0.48633118480379967
4568 1 0.21164882475933705
4569 1 0.378570634385073
4570 1 0.409224757116978
4571 1 0.3405690954238678
4572 1 0.2693293816885135
4573 1 0.4469235169997175
4574 1 0.5500761231412274
4575 1 0.35317306646037466
4576 1 0.6570305192888429
4577 1 0.5836981680781788
4578 1 0.5836791079542976
4579 1 0.5332538637526728
4580 1 0.617249731103144
4581 1 0.418516713109908
4582 1 0.5098914353830878
4583 1 0.5365715159070664
4584 1 0.5719106304565065
4585 1 0.6291046378289794
4586 1 0.49969083875029163
4587 1 0.5754236886782519
4588 1 0.4632989015418977
4589 1 0.48820228709655455
4590 1 0.585408848724718
4591 1 0.48580183802221993
4592 1 0.49987753511257543
4593 1 0.4800763014426599
4594 1 0.5348882747835142
4595 1 0.3202393453133045
4596 1 0.593129683193404
4597 1 0.5014704978758867
4598 1 0.5405972037124271
4599 1 0.3911557594003038
4600 1 0.3906153863345628
4601 1 0.3827734907094568
4602 1 0.6899590245969316
4603 1 0.6245123746262394
4604 1 0.5728912949908512
4605 1 0.5445668080059928
4606 1 0.4074499083666226
4607 1 0.48009130609711875
4608 1 0.5461515924380593
4609 1 0.7463950319256559
4610 1 0.5601220084550598
4611 1 0.5874997925153008
4612 1 0.45529589370647416
4613 1 0.45453444638891594
4614 1 0.5554720312881737
4615 1 0.42498141646934967
4616 1 0.5269029969734046
4617 1 0.41096839930330414
4618 1 0.5455138121163993
4619 1 0.5232024367312565
4620 1 0.4854492215703937
4621 1 0.6727712443599004
4622 1 0.6464960146673462
4623 1 0.48614445737999806
4624 1 0.4400465782103214
4625 1 0.3717174712462343
4626 1 0.40867521563411113
4627 1 0.6687825192060928
4628 1 0.4745918957033837
4629 1 0.5072094854793439
4630 1 0.5150865430199734
4631 1 0.6113314303492582
4632 1 0.4096197223430167
4633 1 0.4706577411990514
4634 1 0.5349360723580919
4635 1 0.43813535608459364
4636 1 0.39135725158380613
4637 1 0.3810393197900553
4638 1 0.39386318418603156
4639 1 0.7950635279217735
4640 1 0.3698511732273495
4641 1 0.7081992822108658
4642 1 0.47180436603651066
4643 1 0.4062228192218832
4644 1 0.4889526288121469
4645 1 0.4555662184908325
4646 1 0.23881678577059154
4647 1 0.7492807398396943
4648 1 0.39059218171673055
4649 1 0.36041449330277936
4650 1 0.5166487673607028
4651 1 0.47640586699012144
4652 1 0.31095973544170874
4653 1 0.503921801310956
4654 1 0.3685048760785312
4655 1 0.31511523154877935
4656 1 0.380029877591442
4657 1 0.43290253588236716
4658 1 0.5291463984588984
4659 1 0.49742412088096855
4660 1 0.41337669362957186
4661 1 0.6315103166090444
4662 1 0.5980230245791733
4663 1 0.45256237974178026
4664 1 0.8151440584400069
4665 1 0.3313691641695519
4666 1 0.5638682865367656
4667 1 0.5988990350945543
4668 1 0.42392276838912685
4669 1 0.26042996923257083
4670 1 0.40659520078311134
4671 1 0.38588050694603576
4672 1 0.4583689341892418
4673 1 0.4496877383254755
4674 1 0.26340482203878407
4675 1 0.37303758381285324
4676 1 0.48764764015402856
4677 1 0.6269337048059382
4678 1 0.4955582968275656
4679 1 0.39069201288038047
4680 1 0.3894746443267134
4681 1 0.4568927399915196
4682 1 0.26805262656343176
4683 1 0.43140815766196783
4684 1 0.4121789900673788
4685 1 0.2923015118251143
4686 1 0.3664357352547882
4687 1 0.5152402551010018
4688 1 0.4622158887516184
4689 1 0.42619607102289586
4690 1 0.5336613037834765
4691 1 0.2464316155989581
4692 1 0.4589456073532671
4693 1 0.44251225092540875
4694 1 0.4394165682601496
4695 1 0.5044007172223165
4696 1 0.3314906920807442
4697 1 0.7014049329467067
4698 1 0.5605142985078749
4699 1 0.4218182096696732
4700 1 0.3657543304180046
4701 1 0.49531429196487725
4702 1 0.24562079488946217
4703 1 0.5608906523380313
4704 1 0.3478639472449428
4705 1 0.3939886707767379
4706 1 0.3676376157591251
4707 1 0.5501892527945351
4708 1 0.42275727367958327
4709 1 0.3610589163518962
4710 1 0.32225476357794286
4711 1 0.46852616866580604
4712 1 0.3341182596454645
4713 1 0.3249834785381314
4714 1 0.4533005015234546
4715 1 0.7870057533610434
4716 1 0.6539338210228846
4717 1 0.5429121881297803
4718 1 0.9104262858218918
4719 1 0.3698483205597383
4720 1 0.40106734608175426
4721 1 0.32881079140517244
4722 1 0.5086513958040914
4723 1 0.413156506017688
4724 1 0.4118030655517726
4725 1 0.43388048281123637
4726 1 0.40583953312655024
4727 1 0.6040939591356829
4728 1 0.7324273595836192
4729 1 0.6282492848869681
4730 1 0.5090993261874024
4731 1 0.488299370425216
4732 1 0.48737677401178797
4733 1 0.3603835421642672
4734 1 0.2540198969816306
4735 1 0.6746663438938622
4736 1 0.36634943387817004
4737 1 0.4999525755796387
4738 1 0.30150949244990904
4739 1 0.5856362462140942
4740 1 0.47146506637845104
4741 1 0.43762233268530576
4742 1 0.36066139992137036
4743 1 0.5231493306878141
4744 1 0.32710153043639933
4745 1 0.33851501915893967
4746 1 0.5096743619657018
4747 1 0.4077394516331361
4748 1 0.610582059306098
4749 1 0.4201915654049652
4750 1 0.67167541231481
4751 1 0.35689284657135273
4752 1 0.4168372742489408
4753 1 0.5848792229441475
4754 1 0.4932210765234678
4755 1 0.471286661777419
4756 1 0.692366447814025
4757 1 0.43373227777091894
4758 1 0.5413562279542592
4759 1 0.4492256802209144
4760 1 0.7050287482210004
4761 1 0.25308944505487513
4762 1 0.6274904167847302
4763 1 0.4430206239717407
4764 1 0.37978389643968136
4765 1 0.391422588099896
4766 1 0.6592521832585521
4767 1 0.48216653553302713
4768 1 0.3785820763943703
4769 1 0.40649863634819866
4770 1 0.3105209185631973
4771 1 0.4219743520371373
4772 1 0.4961498650987325
4773 1 0.4623875197230826
4774 1 0.5999636433808466
4775 1 0.3985370515428222
4776 1 0.5584279526539366
4777 1 0.4903152579406418
4778 1 0.4045389821054575
4779 1 0.34087623642690945
4780 1 0.5145046171314143
4781 1 0.3442909486138263
4782 1 0.46826348307349014
4783 1 0.23962703128733748
4784 1 0.45440904632672363
4785 1 0.4073974451856652
4786 1 0.5265188555769913
4787 1 0.4466054157182399
4788 1 0.5228577473451829
4789 1 0.4192288746733824
4790 1 0.4366230154321664
4791 1 0.34963092245519717
4792 1 0.4427615747956912
4793 1 0.5614452418722162
4794 1 0.460115616798961
4795 1 0.4848100071495487
4796 1 0.3734565551548182
4797 1 0.330609204754165
4798 1 0.39976657873937665
4799 1 0.422874835145882
4800 1 0.452572709637805
4801 1 0.4124115210272471
4802 1 0.5485041715533863
4803 1 0.4018852540866811
4804 1 0.6615971534113496
4805 1 0.7209468611830505
4806 1 0.5863098587699259
4807 1 0.5625697719864358
4808 1 0.47484193066055647
4809 1 0.5364162205206334
4810 1 0.40670379101745563
4811 1 0.49885456562294517
4812 1 0.5707154026636859
4813 1 0.5995490292487627
4814 1 0.4726886866172522
4815 1 0.45136470918244975
4816 1 0.3744051134504563
4817 1 0.5558351504157175
4818 1 0.39619115093116464
4819 1 0.38181176038891196
4820 1 0.4795301487159218
4821 1 0.49385071456743046
4822 1 0.3910189048487401
4823 1 0.31843816887589965
4824 1 0.43847093113386293
4825 1 0.5363971368232788
4826 1 0.45165437891371457
4827 1 0.595044674578854
4828 1 0.5558925138284482
4829 1 0.6074394540581253
4830 1 0.8212947867078133
4831 1 0.4625454908374092
4832 1 0.4001217272595763
4833 1 0.3335697681528344
4834 1 0.4168035763847801
4835 1 0.7007164666066455
4836 1 0.45983114515723883
4837 1 0.5547990014131361
4838 1 0.3224580770202632
4839 1 0.4049706734163107
4840 1 0.611912185329529
4841 1 0.4317942473366203
4842 1 0.32866050968051985
4843 1 0.5605793979025563
4844 1 0.45595901689866736
4845 1 0.5627808302854261
4846 1 0.4822849492497215
4847 1 0.5661753608058001
4848 1 0.45524261100064894
4849 1 0.5540851464422699
4850 1 0.4679580185604066
4851 1 0.40526795377411484
4852 1 0.49032093720637576
4853 1 0.558942732138322
4854 1 0.3539988086238353
4855 1 0.5198501914753847
4856 1 0.5112046714288612
4857 1 0.4720084058191454
4858 1 0.3395366333125194
4859 1 0.4614285095040283
4860 1 0.5041856131606283
4861 1 0.4973210626474835
4862 1 0.4374392239283318
4863 1 0.3722351558145422
4864 1 0.5412228983302998
4865 1 0.4274966359107377
4866 1 0.3662255472329672
4867 1 0.42426735016922823
4868 1 0.2823370703657138
4869 1 0.4163139844633388
4870 1 0.5917253855934045
4871 1 0.4064648561155487
4872 1 0.34992469424816086
4873 1 0.6097179711442008
4874 1 0.48802281225983224
4875 1 0.38817033070193796
4876 1 0.5834942539282902
4877 1 0.707149872436184
4878 1 0.25904185274201813
4879 1 0.4733971493640894
4880 1 0.3399998565013342
4881 1 0.5180079622501319
4882 1 0.46254399683386827
4883 1 0.4118969986323886
4884 1 0.39765912436538986
4885 1 0.3354420904421691
4886 1 0.42879749505099396
4887 1 0.5231324243473928
4888 1 0.45918365949793044
4889 1 0.6513147088470548
4890 1 0.532631512962662
4891 1 0.4433833276514837
4892 1 0.7014012327433947
4893 1 0.2814060487929081
4894 1 0.2987517014130127
4895 1 0.29313469322209634
4896 1 0.479183651105774
4897 1 0.42500199001022027
4898 1 0.3818241159396356
4899 1 0.4746632564899234
4900 1 0.32702271322156934
4901 1 0.4669128425815396
4902 1 0.44816227972846295
4903 1 0.6089547907603485
4904 1 0.3201925173018193
4905 1 0.3996300630911593
4906 1 0.49115627876552215
4907 1 0.48682949696903827
4908 1 0.4757485769845767
4909 1 0.6842124199882305
4910 1 0.29004604959598146
4911 1 0.7034392740544109
4912 1 0.6048156940253546
4913 1 0.4547046759867229
4914 1 0.5086526942864708
4915 1 0.4730850002459669
4916 1 0.2915345685602444
4917 1 0.5809300138650598
4918 1 0.47928130602183067
4919 1 0.23030587081160345
4920 1 0.26866212814645324
4921 1 0.394198111103451
4922 1 0.4504105190453594
4923 1 0.4541015042973
4924 1 0.38533403056937515
4925 1 0.36035393776442115
4926 1 0.4058127372980534
4927 1 0.34597665996005134
4928 1 0.49556441566924403
4929 1 0.40158068009622044
4930 1 0.6803214789885804
4931 1 0.44252275082777665
4932 1 0.6986131045876335
4933 1 0.4985656419227785
4934 1 0.6189031384708212
4935 1 0.60035129777946
4936 1 0.422707433255538
4937 1 0.368829885774377
4938 1 0.35884389011761425
4939 1 0.5363083361038149
4940 1 0.2906640792296585
4941 1 0.36421772489611426
4942 1 0.43562003652527753
4943 1 0.5221649113151663
4944 1 0.672392010128635
4945 1 0.47481812838584114
4946 1 0.3262426919483511
4947 1 0.3253808027755156
4948 1 0.6455558415948486
4949 1 0.44748666841942547
4950 1 0.5158896568676916
4951 1 0.4229742272882576
4952 1 0.5872722455423699
4953 1 0.3510321982132475
4954 1 0.4288927945610598
4955 1 0.41596217977100103
4956 1 0.4793764510563123
4957 1 0.5698417178794527
4958 1 0.5443995242603507
4959 1 0.5147133962915336
4960 1 0.5138402512011728
4961 1 0.5771059591293719
4962 1 0.3490941747123233
4963 1 0.40910656582293814
4964 1 0.289613903733095
4965 1 0.3054529423907882
4966 1 0.5284636457741089
4967 1 0.6472341969080463
4968 1 0.5167637421236368
4969 1 0.28674355879031077
4970 1 0.5711286858651974
4971 1 0.6848204505865145
4972 1 0.39525222974876967
4973 1 0.5244652782376934
4974 1 0.4999789090907228
4975 1 0.4646617891465943
4976 1 0.5684147700542471
4977 1 0.6110698493821701
4978 1 0.53083933216269
4979 1 0.37529691042760666
4980 1 0.3839990287196493
4981 1 0.5196381453091932
4982 1 0.53442705062524
4983 1 0.17839457121234892
4984 1 0.47368640447955807
4985 1 0.40699214007954243
4986 1 0.34843316536735275
4987 1 0.30899694953236595
4988 1 0.6447648325870313
4989 1 0.43039146814563967
4990 1 0.5336361345246414
4991 1 0.5606648101432267
4992 1 0.3963466729002769
4993 1 0.42028807076752694
4994 1 0.4358693698249493
4995 1 0.31161100367281835
4996 1 0.3742504001901477
4997 1 0.5000188309065194
4998 1 0.5576081299283033
4999 1 0.3432846261564104
5000 1 0.46082685345027474
