8001 1 0.40845831166839836
8002 1 0.5016683095468606
8003 1 0.4645299013871993
8004 1 0.3009847011727217
8005 1 0.4836838779218306
8006 1 0.7242233296474856
8007 1 0.44777527651238425
8008 1 0.4659899427636426
8009 1 0.6400150006830219
8010 1 0.3456440468483756
8011 1 0.45778823245728745
8012 1 0.5004601873414488
8013 1 0.5092925826313187
8014 1 0.24064171622642533
8015 1 0.5444414756135358
8016 1 0.7156367396789987
8017 1 0.47211596020733665
8018 1 0.6091260212601007
8019 1 0.5148413542142526
8020 1 0.46072349930036544
8021 1 0.58237073719609
8022 1 0.32640234204865054
8023 1 0.3873750848476213
8024 1 0.4884935054663513
8025 1 0.5291766898174914
8026 1 0.3195040570631277
8027 1 0.6892304198424537
8028 1 0.4522592218237309
8029 1 0.4519089227830031
8030 1 0.6234613246924819
8031 1 0.3597084059300516
8032 1 0.5254660686942498
8033 1 0.5573692230372295
8034 1 0.5689721748158207
8035 1 0.536998998936923
8036 1 0.22925653924538614
8037 1 0.5411171668649362
8038 1 0.3530495960949779
8039 1 0.5043482795561776
8040 1 0.2581007683467739
8041 1 0.3869609568837586
8042 1 0.3511053946800244
8043 1 0.45680816225180626
8044 1 0.5312559503173441
8045 1 0.3639337080837605
8046 1 0.6110580704108715
8047 1 0.5721568681431242
8048 1 0.860559270621403
8049 1 0.6138963870460786
8050 1 0.3808783229510897
8051 1 0.429343734860916
8052 1 0.4054435032115209
8053 1 0.5736748334262941
8054 1 0.5806865844724565
8055 1 0.5129929226694921
8056 1 0.4367092042107826
8057 1 0.39314453021066
8058 1 0.36629845665803906
8059 1 0.5948019767959296
8060 1 0.35064728138822826
8061 1 0.5391602310596756
8062 1 0.45355430407634
8063 1 0.7964187752250881
8064 1 0.32249258359322747
8065 1 0.18246264051744981
8066 1 0.5929556793438453
8067 1 0.48573150254310354
8068 1 0.5394241469099658
8069 1 0.5281698553997013
8070 1 0.6463416189555904
8071 1 0.4694382241312891
8072 1 0.3481223810146702
8073 1 0.5810700353047679
8074 1 0.5629406007491071
8075 1 0.5626468946845339
8076 1 0.4603283790440726
8077 1 0.4690092304577929
8078 1 0.5787692507157598
8079 1 0.38500388740303726
8080 1 0.24345805184573507
8081 1 0.36850517892833
8082 1 0.38074110314935655
8083 1 0.36207229809390984
8084 1 0.4556698893572899
8085 1 0.5297709451872862
8086 1 0.3238777398101967
8087 1 0.413049546790365
8088 1 0.5174108497753666
8089 1 0.4424745125679147
8090 1 0.3771991701960993
8091 1 0.5305983677233945
8092 1 0.6272699390804566
8093 1 0.4798239399223341
8094 1 0.25698619289435026
8095 1 0.6184790963360697
8096 1 0.7447933977295044
8097 1 0.3721002259677443
8098 1 0.5299410155948141
8099 1 0.17570931713964544
8100 1 0.803455213521889
8101 1 0.4816865166604483
8102 1 0.4769237817464633
8103 1 0.5270680049081956
8104 1 0.5873625108678668
8105 1 0.4355438104511719
8106 1 0.4724723706016985
8107 1 0.3164810014959301
8108 1 0.30206346186307725
8109 1 0.2770398080527102
8110 1 0.34984477018942306
8111 1 0.42344778314644704
8112 1 0.347522067816893
8113 1 0.34665226239436936
8114 1 0.5229323989886032
8115 1 0.4104194629653651
8116 1 0.7714112520492014
8117 1 0.5120945473066004
8118 1 0.22979895321924995
8119 1 0.5252457654336792
8120 1 0.6594059802040847
8121 1 0.3379167471466202
8122 1 0.4324860561178685
8123 1 0.5355818615593235
8124 1 0.8016439576219468
8125 1 0.5485925981479614
8126 1 0.5210378679913519
8127 1 0.5939431435772459
8128 1 0.48104427013625967
8129 1 0.4827913632017503
8130 1 0.4045785966340956
8131 1 0.592314088716886
8132 1 0.25832222753954415
8133 1 0.5036246557379525
8134 1 0.3045689959349356
8135 1 0.7317463485625082
8136 1 0.5347077133483377
8137 1 0.48367432345441175
8138 1 0.48148573445449655
8139 1 0.30351628420997395
8140 1 0.43708203533201445
8141 1 0.41989567255406934
8142 1 0.421300858458012
8143 1 0.6113077251417859
8144 1 0.4471003385726798
8145 1 0.3174153566352034
8146 1 0.37284127862549427
8147 1 0.5129247379231509
8148 1 0.5095657850434365
8149 1 0.41526915043850277
8150 1 0.3320056024672404
8151 1 0.38616782321265447
8152 1 0.45870262030995773
8153 1 0.6264968689311936
8154 1 0.44962562444186094
8155 1 0.4571115259524112
8156 1 0.6028887018006214
8157 1 0.5016752651081756
8158 1 0.5386037733970608
8159 1 0.44721352563432853
8160 1 0.41308312872850367
8161 1 0.5889065675486826
8162 1 0.31409138041124557
8163 1 0.702001201213791
8164 1 0.504768177196978
8165 1 0.5503970127486005
8166 1 0.3564898147800664
8167 1 0.4246860355788281
8168 1 0.48083294725969783
8169 1 0.3220915186616241
8170 1 0.39767699527687406
8171 1 0.4052597011170952
8172 1 0.379515780073774
8173 1 0.36037091704394236
8174 1 0.5520937498243168
8175 1 0.35019932549009897
8176 1 0.47291105851944376
8177 1 0.5864183161608145
8178 1 0.4632452058842862
8179 1 0.4654966057106223
8180 1 0.47028553657754096
8181 1 0.3771023611517336
8182 1 0.6722427218178831
8183 1 0.2436463173693395
8184 1 0.4331352052323909
8185 1 0.434451627857092
8186 1 0.46643288194930665
8187 1 0.39469822566872886
8188 1 0.5198527041303096
8189 1 0.5184485687712735
8190 1 0.728297314785059
8191 1 0.44909299124076035
8192 1 0.4509583058298036
8193 1 0.4746486021095451
8194 1 0.24981669842588067
8195 1 0.3653252405092701
8196 1 0.47191286585965114
8197 1 0.5864706869892232
8198 1 0.3538684958497956
8199 1 0.41123369655913306
8200 1 0.4986281912223126
8201 1 0.47264835129499927
8202 1 0.5331914841821467
8203 1 0.44151123971020756
8204 1 0.34291605989251134
8205 1 0.47846455949580297
8206 1 0.4310226356920209
8207 1 0.3859560593734733
8208 1 0.4293578539847816
8209 1 0.5980654901114127
8210 1 0.4186319100181618
8211 1 0.45772461541807763
8212 1 0.5599176821853901
8213 1 0.3815180784524822
8214 1 0.5851953645766518
8215 1 0.35682858389630806
8216 1 0.3775014694850484
8217 1 0.45480502049742205
8218 1 0.37356951258310306
8219 1 0.2876484584586226
8220 1 0.4079251601282188
8221 1 0.4063774218255345
8222 1 0.3177420752692001
8223 1 0.40993474021417914
8224 1 0.639727268691267
8225 1 0.4059427688544228
8226 1 0.4374418117410363
8227 1 0.4894231514576528
8228 1 0.46982587159652794
8229 1 0.40779696480675626
8230 1 0.5001860425450668
8231 1 0.42891957069877296
8232 1 0.7013943933854365
8233 1 0.4135591689534499
8234 1 0.3136474805372086
8235 1 0.42556899749549953
8236 1 0.3369189122489526
8237 1 0.3718695537069163
8238 1 0.515519161739002
8239 1 0.5526102329774885
8240 1 0.6499349717556078
8241 1 0.4431280183376484
8242 1 0.438837475071083
8243 1 0.6176071864957129
8244 1 0.42273376232926235
8245 1 0.46515383936530436
8246 1 0.3041394922424099
8247 1 0.5676324466233545
8248 1 0.7779541727479096
8249 1 0.2739360075152321
8250 1 0.558601775958423
8251 1 0.3339852658741666
8252 1 0.6607197517837057
8253 1 0.3711642966751207
8254 1 0.41258529247009196
8255 1 0.3643945411997119
8256 1 0.49561862300989473
8257 1 0.3124423199920553
8258 1 0.4021350375010267
8259 1 0.4560926696178792
8260 1 0.7353323381187888
8261 1 0.428122219039948
8262 1 0.36625299202531875
8263 1 0.3859781560380578
8264 1 0.6009608121198905
8265 1 0.43812670295586176
8266 1 0.43003538472922026
8267 1 0.5514720602008999
8268 1 0.5610294779093026
8269 1 0.30686305043596784
8270 1 0.3264261537527554
8271 1 0.45043569523756916
8272 1 0.3841283031515215
8273 1 0.4748567802847613
8274 1 0.469279416851996
8275 1 0.5195750704598707
8276 1 0.30128073906981245
8277 1 0.5860238612311403
8278 1 0.41118389163396535
8279 1 0.6646749635011148
8280 1 0.3375582858600765
8281 1 0.4265501670568439
8282 1 0.4194787701310601
8283 1 0.6506844315459617
8284 1 0.3427450753888871
8285 1 0.37930464495299404
8286 1 0.6422355309073301
8287 1 0.429234710874662
8288 1 0.47097841365313464
8289 1 0.43186738722706103
8290 1 0.5020014654030935
8291 1 0.40162660593701366
8292 1 0.3799560296647956
8293 1 0.46506738795046165
8294 1 0.38836390441707236
8295 1 0.45571393348023903
8296 1 0.4556060462900708
8297 1 0.7169256792391208
8298 1 0.45733765962628053
8299 1 0.2966056519937768
8300 1 0.4270361741463253
8301 1 0.3910886279722191
8302 1 0.47601430078160595
8303 1 0.442552351344933
8304 1 0.3161738327593904
8305 1 0.534708167623036
8306 1 0.4877734875575446
8307 1 0.5099704223269259
8308 1 0.5141340762424528
8309 1 0.5181247832320323
8310 1 0.6994821539949998
8311 1 0.5543228233527044
8312 1 0.44789827429897405
8313 1 0.3455356008282212
8314 1 0.4752969267071699
8315 1 0.6471884241561625
8316 1 0.5766755527114839
8317 1 0.290591967697326
8318 1 0.5055736411813222
8319 1 0.4725988816678233
8320 1 0.45589727519859685
8321 1 0.32574982636479793
8322 1 0.43283942664350705
8323 1 0.3869825002650566
8324 1 0.3565182682397427
8325 1 0.5269539234412343
8326 1 0.4458038979333355
8327 1 0.43237455109287737
8328 1 0.3753489989290052
8329 1 0.48862004426597416
8330 1 0.3569010626201549
8331 1 0.4227864152073465
8332 1 0.40092350435268764
8333 1 0.356044414801119
8334 1 0.3706253552125498
8335 1 0.41128597531232824
8336 1 0.5988061198333172
8337 1 0.35473197387473526
8338 1 0.4682802310556375
8339 1 0.40332555392719577
8340 1 0.3839744371495787
8341 1 0.42816977228240766
8342 1 0.5941685900150332
8343 1 0.5367099590333994
8344 1 0.6378505933520757
8345 1 0.6378355304572709
8346 1 0.3482034848564158
8347 1 0.5709959206179236
8348 1 0.48859372073894947
8349 1 0.3280544143257308
8350 1 0.6151739902615312
8351 1 0.5271453869145007
8352 1 0.5415936818873692
8353 1 0.35970212096471976
8354 1 0.5513343969405325
8355 1 0.6701826895069103
8356 1 0.40113273889684514
8357 1 0.5718484979914483
8358 1 0.5302468359286777
8359 1 0.5267840230400493
8360 1 0.50310710789579
8361 1 0.4338479234071713
8362 1 0.5890720120087332
8363 1 0.394680754396952
8364 1 0.48819321075464234
8365 1 0.411348458051467
8366 1 0.5073593262413773
8367 1 0.3342023878251742
8368 1 0.27573780157763894
8369 1 0.6724130678963818
8370 1 0.4819638932413601
8371 1 0.38679201855762163
8372 1 0.5206850415969453
8373 1 0.38710900273379706
8374 1 0.6250520188556512
8375 1 0.43765239330119493
8376 1 0.46674310830400817
8377 1 0.3772747603410943
8378 1 0.5231098628693808
8379 1 0.30701392482547407
8380 1 0.5021259203076717
8381 1 0.47126532390134174
8382 1 0.4788517171874659
8383 1 0.5410763511984967
8384 1 0.5468694476886865
8385 1 0.3365837709515931
8386 1 0.6763515088901754
8387 1 0.5137281898422106
8388 1 0.6079974032282661
8389 1 0.4835156124103568
8390 1 0.44534737266163865
8391 1 0.3294399280274901
8392 1 0.559272703079637
8393 1 0.5186031511294714
8394 1 0.4916929563426458
8395 1 0.5873981301087735
8396 1 0.6805652206603722
8397 1 0.5672400697646903
8398 1 0.45343152871240455
8399 1 0.5800473381580886
8400 1 0.47427427670743755
8401 1 0.5376963427697153
8402 1 0.6125609497804331
8403 1 0.3260805940895123
8404 1 0.6243413243942247
8405 1 0.39409221517844395
8406 1 0.4977240592172271
8407 1 0.49412291857361784
8408 1 0.5234675623167326
8409 1 0.6871582299979334
8410 1 0.6269943657315891
8411 1 0.31804782488264377
8412 1 0.2784648838667963
8413 1 0.30265653412184423
8414 1 0.40214645981954034
8415 1 0.5332580817403937
8416 1 0.465260330728515
8417 1 0.5080702103999306
8418 1 0.44693682769211446
8419 1 0.38817789945089537
8420 1 0.4016979209632816
8421 1 0.4771212176285384
8422 1 0.4030773399515058
8423 1 0.315291675391498
8424 1 0.512896453637813
8425 1 0.5264506799827046
8426 1 0.5725078497052393
8427 1 0.3954940813826682
8428 1 0.621640382591005
8429 1 0.43512254970894143
8430 1 0.7280790249764479
8431 1 0.43880509038805576
8432 1 0.4322503541098313
8433 1 0.5236536807129166
8434 1 0.36811963033422485
8435 1 0.27879513214309193
8436 1 0.3239401845544431
8437 1 0.436310322182812
8438 1 0.37165818784343246
8439 1 0.45791081202272627
8440 1 0.6328083106016155
8441 1 0.579492757221288
8442 1 0.37545499303059543
8443 1 0.5127273397586332
8444 1 0.4126761030361608
8445 1 0.34673859400050056
8446 1 0.6247807985566403
8447 1 0.5050437649672643
8448 1 0.40956471156292706
8449 1 0.570507521236899
8450 1 0.4785161551729408
8451 1 0.6463910863640867
8452 1 0.43735255952022384
8453 1 0.2835190165863105
8454 1 0.7182837101536361
8455 1 0.5219330237724531
8456 1 0.39111608468997494
8457 1 0.3764340648301462
8458 1 0.5338353006996609
8459 1 0.4695047484731012
8460 1 0.3956304669607795
8461 1 0.398682755853619
8462 1 0.46982055175692894
8463 1 0.3924566859329603
8464 1 0.39880328702289075
8465 1 0.23625470836554033
8466 1 0.5237888282676745
8467 1 0.6719942554673608
8468 1 0.39400604525860655
8469 1 0.3861377933809481
8470 1 0.3876387070001669
8471 1 0.45376557342725055
8472 1 0.45648144195379964
8473 1 0.43302357623866344
8474 1 0.4696406048960694
8475 1 0.4751454793435938
8476 1 0.4768115964187647
8477 1 0.5121764218622573
8478 1 0.5395945573301799
8479 1 0.9361939251074294
8480 1 0.6433837950718599
8481 1 0.6066383300888935
8482 1 0.5590920964388585
8483 1 0.42999945792382005
8484 1 0.5700542136056478
8485 1 0.48270324167565387
8486 1 0.2877354847888803
8487 1 0.6107742471783341
8488 1 0.42464894368917416
8489 1 0.38846018125561005
8490 1 0.5820060247790823
8491 1 0.3247067520304144
8492 1 0.43637376588765875
8493 1 0.40090332185413974
8494 1 0.5000076054958421
8495 1 0.3630011109709296
8496 1 0.43638424082987853
8497 1 0.39974343846325994
8498 1 0.2935846353933571
8499 1 0.38377472351530756
8500 1 0.6366974838680985
8501 1 0.544957418518165
8502 1 0.5877588999316964
8503 1 0.5359912720551651
8504 1 0.5215994327776354
8505 1 0.4492285922382113
8506 1 0.4882964495331996
8507 1 0.69445786335141
8508 1 0.7493741373864627
8509 1 0.4808058851896195
8510 1 0.3885319411271871
8511 1 0.410057278179371
8512 1 0.5448323784367777
8513 1 0.333129531596557
8514 1 0.603789360185074
8515 1 0.4608568910473605
8516 1 0.6263716535740986
8517 1 0.4875332150690261
8518 1 0.650963264135522
8519 1 0.5121451071375855
8520 1 0.5188797112361999
8521 1 0.5237752585444055
8522 1 0.5212738076754676
8523 1 0.670786823271381
8524 1 0.6701093338498544
8525 1 0.5298230744569267
8526 1 0.3761744351919821
8527 1 0.2706225262016126
8528 1 0.49576856167117633
8529 1 0.4677945343039995
8530 1 0.6409404220305629
8531 1 0.29730301801336756
8532 1 0.7170769801698275
8533 1 0.35240105684007794
8534 1 0.4409208906036157
8535 1 0.6236177199894481
8536 1 0.44080173973054276
8537 1 0.4236174389381789
8538 1 0.32815081069564517
8539 1 0.3452002443189167
8540 1 0.4492189517969485
8541 1 0.25162893470497955
8542 1 0.3784561266542463
8543 1 0.5289681208772877
8544 1 0.5513375208417548
8545 1 0.3838209377844805
8546 1 0.6081168932820205
8547 1 0.3296640249532614
8548 1 0.5558417177080597
8549 1 0.6350618739181357
8550 1 0.5626502826086579
8551 1 0.6581771066860798
8552 1 0.4962343690673409
8553 1 0.5801002924992967
8554 1 0.4645677981029672
8555 1 0.3245658264786694
8556 1 0.5577975660828612
8557 1 0.5204548122400815
8558 1 0.4757119332682515
8559 1 0.5064150400137813
8560 1 0.3987941568779923
8561 1 0.5517302119209522
8562 1 0.5828968857506729
8563 1 0.5561522294404563
8564 1 0.4097969360676416
8565 1 0.40556228411972967
8566 1 0.5111776542870498
8567 1 0.4761986730767518
8568 1 0.5694681346257533
8569 1 0.5745129821701148
8570 1 0.3409451760790681
8571 1 0.3976408258033656
8572 1 0.4356602467694541
8573 1 0.49766708573747936
8574 1 0.40576972319722227
8575 1 0.45589291771138063
8576 1 0.4484049658633183
8577 1 0.4362314090100786
8578 1 0.5236357091288346
8579 1 0.4240648479317262
8580 1 0.5397882353232671
8581 1 0.6748989866197277
8582 1 0.3993875672081007
8583 1 0.4180037881645384
8584 1 0.5381587078841001
8585 1 0.3931316460594633
8586 1 0.5625685248110277
8587 1 0.34780950722024323
8588 1 0.4386675605258143
8589 1 0.42470520275401186
8590 1 0.3200673807078586
8591 1 0.5297298122496288
8592 1 0.44348961572815343
8593 1 0.30252191239420984
8594 1 0.4921190371668401
8595 1 0.5008723598163629
8596 1 0.5606071910276436
8597 1 0.720803536961058
8598 1 0.4474919816029851
8599 1 0.47553203494101365
8600 1 0.5680430083367007
8601 1 0.4551222637044693
8602 1 0.4872634818401815
8603 1 0.3812494906171076
8604 1 0.16112263728078974
8605 1 0.5897762398504156
8606 1 0.526271639175227
8607 1 0.4257323627751999
8608 1 0.6038735241409962
8609 1 0.5000466048954932
8610 1 0.5686543295145304
8611 1 0.3642382241112101
8612 1 0.44210369573064745
8613 1 0.615836773995708
8614 1 0.5072429090592087
8615 1 0.4434213724641312
8616 1 0.5662064001368361
8617 1 0.43575674519864144
8618 1 0.28362149435768086
8619 1 0.5373440546825063
8620 1 0.43032232187892056
8621 1 0.6228545301762066
8622 1 0.7284766609383503
8623 1 0.4810163230902581
8624 1 0.27746276996771196
8625 1 0.7615524613506849
8626 1 0.4534051965879954
8627 1 0.38884311985021225
8628 1 0.3837118993768075
8629 1 0.4703798523804303
8630 1 0.47831560010433816
8631 1 0.7186155511647258
8632 1 0.38371086131197485
8633 1 0.41496518325697995
8634 1 0.47661137498414385
8635 1 0.37762117197739803
8636 1 0.40226781661504946
8637 1 0.4717938447793492
8638 1 0.5990730494828423
8639 1 0.43253917991074975
8640 1 0.4110709874539969
8641 1 0.43316967214645297
8642 1 0.3523396543206888
8643 1 0.4749749213811697
8644 1 0.5590759993619109
8645 1 0.5401040369430848
8646 1 0.38095776361495626
8647 1 0.5400095711019709
8648 1 0.5491565391403592
8649 1 0.4724293126819403
8650 1 0.4336115153042733
8651 1 0.5288127090101626
8652 1 0.3607487094106433
8653 1 0.5078267604845386
8654 1 0.4020639249292945
8655 1 0.32636220613024886
8656 1 0.2900695440288685
8657 1 0.6706665322742026
8658 1 0.4813424587661253
8659 1 0.5583426535659385
8660 1 0.6790283325341365
8661 1 0.3412672504614786
8662 1 0.3512420301369534
8663 1 0.5894472947711942
8664 1 0.4810600260911812
8665 1 0.48662871226707155
8666 1 0.398275876316811
8667 1 0.4532680835602297
8668 1 0.36635888351296625
8669 1 0.48147491977692547
8670 1 0.36537983639622873
8671 1 0.6001429717846991
8672 1 0.2661283178319714
8673 1 0.25537980517663
8674 1 0.6052822607646964
8675 1 0.46708974957367594
8676 1 0.509185677484317
8677 1 0.522795251293965
8678 1 0.25453624424066174
8679 1 0.2961123232608059
8680 1 0.5203566448089806
8681 1 0.5440719078930215
8682 1 0.4314949834790344
8683 1 0.4913020535194039
8684 1 0.4190065929050595
8685 1 0.43245333696885463
8686 1 0.5785937012783539
8687 1 0.5029270040633314
8688 1 0.3193831953105589
8689 1 0.4179023185058227
8690 1 0.3564350022944879
8691 1 0.6020608100137255
8692 1 0.6947964541412589
8693 1 0.5203497580267407
8694 1 0.3880805665207512
8695 1 0.48452020235614834
8696 1 0.4619209876506135
8697 1 0.5778718382599208
8698 1 0.3843753634136919
8699 1 0.3221367259274823
8700 1 0.6589662847283545
8701 1 0.4992503381711124
8702 1 0.33058571697731753
8703 1 0.4941443210687456
8704 1 0.6338961823007558
8705 1 0.6493876137310437
8706 1 0.5336143476432303
8707 1 0.6152706279128788
8708 1 0.6589395343827945
8709 1 0.5283787180376498
8710 1 0.5887619298682216
8711 1 0.5939790346064335
8712 1 0.4572343981062548
8713 1 0.7455102667769403
8714 1 0.714731103686313
8715 1 0.49803287615555697
8716 1 0.4982156465638546
8717 1 0.3976259833898704
8718 1 0.4029226524833504
8719 1 0.8240942101626672
8720 1 0.5938604078964741
8721 1 0.5816585329230287
8722 1 0.4507451922012717
8723 1 0.4412032336993611
8724 1 0.4065197052093448
8725 1 0.6537428548112384
8726 1 0.4571706343568403
8727 1 0.4958433885903045
8728 1 0.42262912966509225
8729 1 0.3583231651259132
8730 1 0.43343558674994875
8731 1 0.5532076352673085
8732 1 0.4831643809694241
8733 1 0.2694501139256463
8734 1 0.4644164428146045
8735 1 0.45972953017499335
8736 1 0.4466374481858417
8737 1 0.5383981747144997
8738 1 0.6549148244605757
8739 1 0.5181410239684999
8740 1 0.4672110373127749
8741 1 0.4616770784684934
8742 1 0.41266478139024515
8743 1 0.5352792946421179
8744 1 0.7766510921544584
8745 1 0.497195477880194
8746 1 0.33703508260298837
8747 1 0.43638269080467157
8748 1 0.5328001118307826
8749 1 0.5263991910795343
8750 1 0.4277876690207673
8751 1 0.5415129211089947
8752 1 0.48623129928249353
8753 1 0.30432927312434865
8754 1 0.35216906640608686
8755 1 0.4803885334839416
8756 1 0.27116764613288274
8757 1 0.4373263926874632
8758 1 0.3664775202069851
8759 1 0.5303700067722955
8760 1 0.5413868898323865
8761 1 0.4085481277112265
8762 1 0.47821505840846773
8763 1 0.3978650039882863
8764 1 0.5176881026648769
8765 1 0.334485644462346
8766 1 0.4398619785004913
8767 1 0.36860250631177455
8768 1 0.49859707756550176
8769 1 0.4665963406908955
8770 1 0.4831551498745927
8771 1 0.44465153253911155
8772 1 0.536798578930456
8773 1 0.5581465724652441
8774 1 0.47612554095169035
8775 1 0.5852633349430529
8776 1 0.39893671593277336
8777 1 0.5330725116354663
8778 1 0.3613885006882481
8779 1 0.49497457547234164
8780 1 0.47611964286865655
8781 1 0.5307284608481296
8782 1 0.5193989261389311
8783 1 0.399681804646497
8784 1 0.4290890917057043
8785 1 0.4601564166573065
8786 1 0.48054285098723293
8787 1 0.651900393179272
8788 1 0.3002540086405094
8789 1 0.4899642356102844
8790 1 0.4456295235642425
8791 1 0.471938198746125
8792 1 0.5406699520058753
8793 1 0.36115401313009116
8794 1 0.7224617841014827
8795 1 0.4707357100461756
8796 1 0.29562960037216546
8797 1 0.34406051929844145
8798 1 0.4386786891465833
8799 1 0.5482684490225604
8800 1 0.3488459094296619
8801 1 0.7033771823575947
8802 1 0.27221703566211103
8803 1 0.4295823316914814
8804 1 0.474386751018186
8805 1 0.4798227382298628
8806 1 0.5811195617856149
8807 1 0.4360297096573458
8808 1 0.5257143131767877
8809 1 0.3483657765724061
8810 1 0.5782726097711148
8811 1 0.5043167926064827
8812 1 0.4463158513742678
8813 1 0.34823254207434484
8814 1 0.33611946449234376
8815 1 0.5628012213398795
8816 1 0.4621050540452757
8817 1 0.5326992891945767
8818 1 0.5177930071173282
8819 1 0.5365920353676159
8820 1 0.6954575014811218
8821 1 0.3896925073167893
8822 1 0.5414138257150486
8823 1 0.5920918327407163
8824 1 0.7184655867112909
8825 1 0.4886016455860219
8826 1 0.45620797718279016
8827 1 0.3746556484425994
8828 1 0.5258139563073208
8829 1 0.3688929631197143
8830 1 0.612376752206325
8831 1 0.46452764665380647
8832 1 0.32828917949620334
8833 1 0.540831247534615
8834 1 0.5885306815826389
8835 1 0.6533872281655322
8836 1 0.469649246376732
8837 1 0.5448466586922671
8838 1 0.6564138297377924
8839 1 0.6836543768015312
8840 1 0.5663641113882857
8841 1 0.5814578167228025
8842 1 0.41114192863271093
8843 1 0.6254694831593314
8844 1 0.6039715448618923
8845 1 0.25692529928465074
8846 1 0.40675799225673676
8847 1 0.6470301427039925
8848 1 0.5936976350042924
8849 1 0.3498587179202707
8850 1 0.5175963178210211
8851 1 0.43657121230846313
8852 1 0.5207697105798673
8853 1 0.5073408496302954
8854 1 0.4431492721812267
8855 1 0.3373796042013989
8856 1 0.520151558364129
8857 1 0.514679437732491
8858 1 0.5461276886587408
8859 1 0.4148236614350266
8860 1 0.49313721403066957
8861 1 0.5762922979550038
8862 1 0.5955000619451251
8863 1 0.5376951405225742
8864 1 0.31641358385814533
8865 1 0.6040482995364711
8866 1 0.38103866472483106
8867 1 0.4392908617428037
8868 1 0.6395284378142392
8869 1 0.5291032994935632
8870 1 0.4723677637296814
8871 1 0.315181760605286
8872 1 0.5619390495626988
8873 1 0.4271197911976657
8874 1 0.5602719967593028
8875 1 0.21624150618322788
8876 1 0.3302579469664092
8877 1 0.5325308081938229
8878 1 0.28860100178059783
8879 1 0.7726414356976551
8880 1 0.4643853327631484
8881 1 0.5892285867414322
8882 1 0.5819539967367096
8883 1 0.5006171614365199
8884 1 0.49976756014467283
8885 1 0.48851343808608166
8886 1 0.4765441243020175
8887 1 0.3537214386989631
8888 1 0.41360065604787744
8889 1 0.7765627842592551
8890 1 0.566691596576169
8891 1 0.4384895844073273
8892 1 0.40544283317020746
8893 1 0.49905264187149073
8894 1 0.5383978810167552
8895 1 0.40848746068420616
8896 1 0.5280727557082759
8897 1 0.6370286332057465
8898 1 0.4409095478802415
8899 1 0.47488543814031836
8900 1 0.5994725430344452
8901 1 0.491904949260521
8902 1 0.3787815279470849
8903 1 0.3757541196073658
8904 1 0.4198497325691922
8905 1 0.48896149188345894
8906 1 0.362389945932694
8907 1 0.5331451171013993
8908 1 0.5756128003508824
8909 1 0.5428253620353786
8910 1 0.5301166557207587
8911 1 0.37945680451280067
8912 1 0.6531824698079625
8913 1 0.44116358561319036
8914 1 0.6470862325944922
8915 1 0.5789561132016969
8916 1 0.46339968146851634
8917 1 0.407790284916412
8918 1 0.4660473730141037
8919 1 0.3611617138904993
8920 1 0.44167319196818144
8921 1 0.5620731942741665
8922 1 0.6202517888069504
8923 1 0.48310825252936224
8924 1 0.41593878545604196
8925 1 0.5735819065169879
8926 1 0.39167113182687796
8927 1 0.659712795893194
8928 1 0.5292155805018302
8929 1 0.4674468552468341
8930 1 0.2911167057261971
8931 1 0.41017315317165237
8932 1 0.5392547701172242
8933 1 0.35095274922933156
8934 1 0.4149828428392087
8935 1 0.39265926360557696
8936 1 0.42303829250079605
8937 1 0.5649443645658531
8938 1 0.5465788857707892
8939 1 0.6384612284031632
8940 1 0.24737094806912938
8941 1 0.3818291265507313
8942 1 0.3290793842325766
8943 1 0.41076308904912306
8944 1 0.45345686908692295
8945 1 0.4166573850737575
8946 1 0.48580366898776217
8947 1 0.4878306454650546
8948 1 0.6346397512187852
8949 1 0.5549787488701444
8950 1 0.42374032523610644
8951 1 0.3051653718079922
8952 1 0.5218140420737183
8953 1 0.5459091195738041
8954 1 0.3803121175185747
8955 1 0.5511829986652479
8956 1 0.3729215659930568
8957 1 0.7549229003720122
8958 1 0.6340683368806636
8959 1 0.47919076363868807
8960 1 0.4157464619670005
8961 1 0.6920307479640144
8962 1 0.5146974034925386
8963 1 0.5702130400210548
8964 1 0.5378814031329483
8965 1 0.6308162020647669
8966 1 0.36479651884073666
8967 1 0.4278626842503474
8968 1 0.26558609910193404
8969 1 0.4359299383980516
8970 1 0.46414390406509537
8971 1 0.36034514929621886
8972 1 0.44699276643504954
8973 1 0.3901104425352666
8974 1 0.6056326086163806
8975 1 0.6269533858828411
8976 1 0.30123375491873305
8977 1 0.26552996622451247
8978 1 0.5289611911081258
8979 1 0.42860535266169475
8980 1 0.35083794641408544
8981 1 0.4779447630216173
8982 1 0.48015223714704075
8983 1 0.42968849746342463
8984 1 0.5585502620951043
8985 1 0.5195992379847557
8986 1 0.4563310060308979
8987 1 0.4696514323310496
8988 1 0.44328038478935056
8989 1 0.4139151461505718
8990 1 0.5926151932467384
8991 1 0.29013201678394795
8992 1 0.3266292256363076
8993 1 0.5284507746576561
8994 1 0.5591081688329931
8995 1 0.29912887892806156
8996 1 0.45060304443426696
8997 1 0.4067946667572449
8998 1 0.7291344623495996
8999 1 0.503041098287702
9000 1 0.4113046782287543
