2001 1 0.35369539112024406
2002 1 0.5199334280231316
2003 1 0.6499918123919
2004 1 0.4149239044411228
2005 1 0.36076367912089463
2006 1 0.6186898872841387
2007 1 0.5645196559951432
2008 1 0.44383908775596875
2009 1 0.6379787639907248
2010 1 0.25724126675078696
2011 1 0.4155771722574431
2012 1 0.3258307152719334
2013 1 0.3623134644330712
2014 1 0.2309146815531882
2015 1 0.43013559861514344
2016 1 0.547573444787665
2017 1 0.3541607669831789
2018 1 0.4556910511256544
2019 1 0.25827806554922805
2020 1 0.25421977701689025
2021 1 0.4995807661604757
2022 1 0.5540481158436468
2023 1 0.6494747091177115
2024 1 0.35565596916580583
2025 1 0.41332806515939213
2026 1 0.5406277635312816
2027 1 0.6071938400978792
2028 1 0.5420020734544918
2029 1 0.49445708337451033
2030 1 0.47379843172631764
2031 1 0.3860456840551648
2032 1 0.43441544701284945
2033 1 0.5125298886231342
2034 1 0.6196609135959004
2035 1 0.5742531356559959
2036 1 0.36035064468886074
2037 1 0.5076552376737169
2038 1 0.38957049739740063
2039 1 0.4784495620520534
2040 1 0.4818753684702019
2041 1 0.7604603874719177
2042 1 0.5405464941205526
2043 1 0.37412142722139935
2044 1 0.310489625193319
2045 1 0.3857520054467546
2046 1 0.7550938662941925
2047 1 0.5181343790223633
2048 1 0.4555154284718136
2049 1 0.5282325006571388
2050 1 0.629370799815278
2051 1 0.5351381025714568
2052 1 0.4795885460334604
2053 1 0.5728907461449245
2054 1 0.3353865280428029
2055 1 0.39156350200357165
2056 1 0.4250653505145729
2057 1 0.46917944785286053
2058 1 0.6469233476589783
2059 1 0.3454376508277452
2060 1 0.38178058599574044
2061 1 0.44491650836369784
2062 1 0.5177386724799212
2063 1 0.6383730511327359
2064 1 0.47434172568407507
2065 1 0.34569649976793865
2066 1 0.7306890158820987
2067 1 0.40572782370567845
2068 1 0.6703461812513618
2069 1 0.3828577384205432
2070 1 0.3662264982146159
2071 1 0.5390547014941778
2072 1 0.4650931972984322
2073 1 0.45147535003164124
2074 1 0.3844804306617768
2075 1 0.48054841432694484
2076 1 0.48977719424328453
2077 1 0.46997449707667605
2078 1 0.5094464724840699
2079 1 0.5164188974299738
2080 1 0.5369894000959073
2081 1 0.3434528306541885
2082 1 0.3677740997911547
2083 1 0.4797341388555949
2084 1 0.6341773777843513
2085 1 0.6015186977803207
2086 1 0.5160832685777184
2087 1 0.5206297712313136
2088 1 0.7642574930128646
2089 1 0.659105938976548
2090 1 0.38966552733786536
2091 1 0.3280175512374358
2092 1 0.48622284250692815
2093 1 0.2185870437633958
2094 1 0.4639093005809166
2095 1 0.5219370603830966
2096 1 0.5298166882643269
2097 1 0.4650176354416052
2098 1 0.7920241880765162
2099 1 0.461351144137822
2100 1 0.422042127991717
2101 1 0.6353050556506016
2102 1 0.5176385329197728
2103 1 0.6171020890528374
2104 1 0.7497504526670568
2105 1 0.36721115304466234
2106 1 0.4293852602275709
2107 1 0.37453067381226746
2108 1 0.5484252212177656
2109 1 0.7436895778823008
2110 1 0.3498042393460088
2111 1 0.4519368717703496
2112 1 0.372325092220752
2113 1 0.46660991180083944
2114 1 0.4681032347616374
2115 1 0.5513024795669479
2116 1 0.23091370117403157
2117 1 0.4693496194876565
2118 1 0.6006341775183932
2119 1 0.2549497875823851
2120 1 0.4578191192540841
2121 1 0.3004890364472086
2122 1 0.3746987407518951
2123 1 0.5571018693425189
2124 1 0.335354412374707
2125 1 0.48648248351582635
2126 1 0.2852307361296872
2127 1 0.24756010688870655
2128 1 0.3093554174749491
2129 1 0.5182281825875436
2130 1 0.46310839321030456
2131 1 0.44820499181150025
2132 1 0.3652591571300773
2133 1 0.4303293312432218
2134 1 0.5143129489849321
2135 1 0.23315552684216517
2136 1 0.5957808896825363
2137 1 0.49158919589698974
2138 1 0.4593272926710916
2139 1 0.31544982094952734
2140 1 0.7061372231358543
2141 1 0.39291674001495125
2142 1 0.6282310290345309
2143 1 0.49700674255113236
2144 1 0.5174424609711327
2145 1 0.3368632272675249
2146 1 0.3534338916896404
2147 1 0.34849261905383283
2148 1 0.41749450157678003
2149 1 0.6079846582992297
2150 1 0.5106724949984736
2151 1 0.3629293033977359
2152 1 0.37031050069169097
2153 1 0.3675553118889182
2154 1 0.5212729734518456
2155 1 0.4137687956492701
2156 1 0.44930276048676054
2157 1 0.5575750469157947
2158 1 0.3783321548672044
2159 1 0.3758991194873117
2160 1 0.40687410437042665
2161 1 0.4752975437775019
2162 1 0.4669879271448648
2163 1 0.524165851029804
2164 1 0.3971530504260476
2165 1 0.5153180558831277
2166 1 0.5927682480438626
2167 1 0.44756504467163627
2168 1 0.3162310450245567
2169 1 0.5545526206216683
2170 1 0.5200921246457675
2171 1 0.5657585185644816
2172 1 0.37752295684468046
2173 1 0.5250232113224051
2174 1 0.6731545326739131
2175 1 0.5466704362665863
2176 1 0.6385661176021906
2177 1 0.4496283969596627
2178 1 0.33689208674561283
2179 1 0.5295352492806185
2180 1 0.3784068483882069
2181 1 0.5251448884398171
2182 1 0.473060014582889
2183 1 0.5549769228966318
2184 1 0.6224957369196912
2185 1 0.36904620262193577
2186 1 0.43500721662921227
2187 1 0.4166814130991472
2188 1 0.2762172960097694
2189 1 0.6332654970399061
2190 1 0.40843322893807704
2191 1 0.558362826912432
2192 1 0.4782013195108604
2193 1 0.4681764359431089
2194 1 0.5803172707907843
2195 1 0.5729532563402264
2196 1 0.4923294678567694
2197 1 0.5881302345533724
2198 1 0.6084624174463861
2199 1 0.2765868775970328
2200 1 0.36186804198999034
2201 1 0.5154486989631295
2202 1 0.3816193720034851
2203 1 0.7014688497850307
2204 1 0.5060922786726237
2205 1 0.5941902781651911
2206 1 0.46419053905143415
2207 1 0.3389018002296989
2208 1 0.5384975532674613
2209 1 0.4119098639248069
2210 1 0.5092610063797602
2211 1 0.5735109636742639
2212 1 0.413136238099966
2213 1 0.37090901648145846
2214 1 0.42614313359912165
2215 1 0.587088805647429
2216 1 0.34391490512151346
2217 1 0.3554419991268534
2218 1 0.4171440558258475
2219 1 0.42429641182451705
2220 1 0.418721927128851
2221 1 0.5643836897475224
2222 1 0.4883942406207319
2223 1 0.8179416312385348
2224 1 0.3717164620242397
2225 1 0.36423706124563615
2226 1 0.5317520817976295
2227 1 0.354426719581567
2228 1 0.5372917540198476
2229 1 0.4981595522359954
2230 1 0.5293622798905375
2231 1 0.5229018976874298
2232 1 0.5146738619127048
2233 1 0.600925292996912
2234 1 0.3343958930385683
2235 1 0.4425615186527188
2236 1 0.4797805120377118
2237 1 0.47626171436854164
2238 1 0.4751867162818687
2239 1 0.3858882934029529
2240 1 0.488884224416501
2241 1 0.6485995708208447
2242 1 0.4613063900373222
2243 1 0.5844085671778508
2244 1 0.3865074412512719
2245 1 0.4225964476789657
2246 1 0.8483308169727507
2247 1 0.46339375093728985
2248 1 0.631434862635525
2249 1 0.38235579815908766
2250 1 0.43414330707104265
2251 1 0.4762401518511299
2252 1 0.5511139319936681
2253 1 0.5405238533247358
2254 1 0.45687135302715076
2255 1 0.6447071882339653
2256 1 0.5311043027179115
2257 1 0.4831114915246014
2258 1 0.5180233438028296
2259 1 0.6689945606575896
2260 1 0.6748130183224212
2261 1 0.4643892182262276
2262 1 0.3543289637155775
2263 1 0.563934374630653
2264 1 0.5910553745096314
2265 1 0.5884126802630607
2266 1 0.4728973845182221
2267 1 0.49840827789472464
2268 1 0.458155573732577
2269 1 0.46778103918384034
2270 1 0.5949820115719777
2271 1 0.4662852282509309
2272 1 0.3323165077379747
2273 1 0.8650536537120819
2274 1 0.5613879056383135
2275 1 0.40863481430613285
2276 1 0.46104014179984465
2277 1 0.5470967486654896
2278 1 0.3401038554550735
2279 1 0.6538971700958499
2280 1 0.4221796431552047
2281 1 0.40193340332201427
2282 1 0.4839151924904737
2283 1 0.6499277657608051
2284 1 0.5507918617712823
2285 1 0.3388875679531612
2286 1 0.5606578823154096
2287 1 0.49562753544683336
2288 1 0.3112141364834823
2289 1 0.4382481440612052
2290 1 0.40434897408616965
2291 1 0.4013514560786617
2292 1 0.3957981633808731
2293 1 0.49982253348454014
2294 1 0.5609071130011386
2295 1 0.5127931152959975
2296 1 0.48082042364397587
2297 1 0.6384350551916981
2298 1 0.5052572330299018
2299 1 0.35261879114672284
2300 1 0.481574785884783
2301 1 0.4685160606377659
2302 1 0.4907886806780404
2303 1 0.36831275393468554
2304 1 0.4166566212932207
2305 1 0.3590417084446276
2306 1 0.49829206982313146
2307 1 0.5248353074436157
2308 1 0.5195115468825494
2309 1 0.9193196107750087
2310 1 0.3976671141088479
2311 1 0.5793885965812549
2312 1 0.4995720919542854
2313 1 0.3596929886011415
2314 1 0.4048076783788094
2315 1 0.4636875085861696
2316 1 0.5608941631215515
2317 1 0.3385917480413652
2318 1 0.4669700906229184
2319 1 0.22505918580168874
2320 1 0.582369688592528
2321 1 0.5260112562952554
2322 1 0.7535616568090807
2323 1 0.47997937092557275
2324 1 0.5438084158105816
2325 1 0.5011514300820016
2326 1 0.5693415802953714
2327 1 0.4260742924008811
2328 1 0.39389132148383
2329 1 0.4713665855588219
2330 1 0.5512880101690016
2331 1 0.8027897892813612
2332 1 0.4547671348750534
2333 1 0.38259237793233875
2334 1 0.39651503076429917
2335 1 0.3399098282972459
2336 1 0.5049568157361314
2337 1 0.43458711653387605
2338 1 0.49949047088280085
2339 1 0.3082087687866815
2340 1 0.5072911875326427
2341 1 0.35527051431092405
2342 1 0.3656494639604458
2343 1 0.6805882771813248
2344 1 0.6064974103611831
2345 1 0.5740011124843466
2346 1 0.4770668147667264
2347 1 0.2926943240996981
2348 1 0.6648385173686021
2349 1 0.3977969543040807
2350 1 0.47101001403283654
2351 1 0.46126752348112693
2352 1 0.40028596170710623
2353 1 0.45242183524829876
2354 1 0.41640693938347806
2355 1 0.5130893656316834
2356 1 0.4668701257838077
2357 1 0.5412074374597977
2358 1 0.5351004335477079
2359 1 0.5422856817524192
2360 1 0.38643730656268155
2361 1 0.5460155360565698
2362 1 0.6278020059635268
2363 1 0.4635213070016219
2364 1 0.6379592767709735
2365 1 0.6158246699878118
2366 1 0.5074433864740167
2367 1 0.42102874624970327
2368 1 0.4621596072226474
2369 1 0.47652231606581286
2370 1 0.5229463029005239
2371 1 0.4653291769187852
2372 1 0.5365608121634876
2373 1 0.5454023988892869
2374 1 0.3927671771425685
2375 1 0.7234904678010545
2376 1 0.44871032582111414
2377 1 0.5319943180951463
2378 1 0.4777229310906329
2379 1 0.5962382233857018
2380 1 0.5498042247581887
2381 1 0.5690706733848886
2382 1 0.6661541457059187
2383 1 0.4448978315167599
2384 1 0.4854884641928228
2385 1 0.47479637506196265
2386 1 0.6394753309387917
2387 1 0.5985897746975904
2388 1 0.39966067199830535
2389 1 0.2703277329839151
2390 1 0.6171479450052154
2391 1 0.2620652716180403
2392 1 0.3930619881097047
2393 1 0.5020087401769713
2394 1 0.3843005420412633
2395 1 0.42797739804106466
2396 1 0.4948076544808542
2397 1 0.6470504106217148
2398 1 0.6009007854593406
2399 1 0.6417107288140783
2400 1 0.4848662282194941
2401 1 0.4861763661561984
2402 1 0.39684308005153307
2403 1 0.4552717106508303
2404 1 0.5530349110413507
2405 1 0.5530830719247529
2406 1 0.588393300094612
2407 1 0.419053445322023
2408 1 0.4201711338596047
2409 1 0.34477270582206404
2410 1 0.4365110297856539
2411 1 0.3856986597858888
2412 1 0.33099549743802337
2413 1 0.5578250228006169
2414 1 0.36877477127100444
2415 1 0.5945749198739095
2416 1 0.7349745862551257
2417 1 0.4590972352619158
2418 1 0.46571653900632887
2419 1 0.5034328475373049
2420 1 0.6349917511549494
2421 1 0.4555151159152903
2422 1 0.35872169937581816
2423 1 0.43418740998900796
2424 1 0.6014077288438473
2425 1 0.2771170977064667
2426 1 0.40507862383885457
2427 1 0.2878109831359966
2428 1 0.646028448690069
2429 1 0.6081336423735076
2430 1 0.6361145390508205
2431 1 0.4465314072146397
2432 1 0.3876856365162551
2433 1 0.362553346711272
2434 1 0.43301872675919156
2435 1 0.38066840644021477
2436 1 0.473564499670127
2437 1 0.5699674252288035
2438 1 0.33298054641293906
2439 1 0.5701280959218319
2440 1 0.48416573663467116
2441 1 0.3318676665865872
2442 1 0.5737097465723401
2443 1 0.4499115016172651
2444 1 0.5173372966558045
2445 1 0.4814761525309146
2446 1 0.47882749253157475
2447 1 0.2829318682027305
2448 1 0.4430660458948741
2449 1 0.5610568059436273
2450 1 0.5441016221175199
2451 1 0.4729581849433683
2452 1 0.5020887113826558
2453 1 0.32783738056724704
2454 1 0.35979990373220244
2455 1 0.3653711291871758
2456 1 0.3249388345396189
2457 1 0.4292358856656399
2458 1 0.5343670278473799
2459 1 0.6554851965738403
2460 1 0.6225852290352618
2461 1 0.6306311067573265
2462 1 0.30307065570700237
2463 1 0.5699454145380631
2464 1 0.49362462027512843
2465 1 0.3121495790532147
2466 1 0.398923896955297
2467 1 0.5076655855965153
2468 1 0.5036666450860299
2469 1 0.4800455990736254
2470 1 0.6933857331857722
2471 1 0.6440323892390861
2472 1 0.35797477747787226
2473 1 0.28040214525119356
2474 1 0.5448014095488267
2475 1 0.5668269191292996
2476 1 0.40776550087586494
2477 1 0.7150137676586312
2478 1 0.4336205381205343
2479 1 0.580107433320379
2480 1 0.4408360297048871
2481 1 0.5428803653274239
2482 1 0.6393171673539886
2483 1 0.339337293803137
2484 1 0.35536151207810485
2485 1 0.5039700409574926
2486 1 0.5185053966501566
2487 1 0.41359042238709104
2488 1 0.5337355047575535
2489 1 0.5233600473101083
2490 1 0.44282407112424405
2491 1 0.3943771103106815
2492 1 0.5313475526747825
2493 1 0.3734088058365272
2494 1 0.48224787067214664
2495 1 0.49892543219854946
2496 1 0.30239271700280707
2497 1 0.8205781606058203
2498 1 0.6262080800158276
2499 1 0.6993386373025304
2500 1 0.5393073359121245
2501 1 0.5917362013803154
2502 1 0.4217702587288513
2503 1 0.4825221236291712
2504 1 0.6382580741511219
2505 1 0.568053087244568
2506 1 0.7979898925893072
2507 1 0.2859612325860682
2508 1 1.0
2509 1 0.5583467431475633
2510 1 0.585953739577294
2511 1 0.504143864816649
2512 1 0.3922465406207264
2513 1 0.5610895769542825
2514 1 0.30329784630448303
2515 1 0.5526276060726822
2516 1 0.619084597916665
2517 1 0.5194649132828856
2518 1 0.5067127164059378
2519 1 0.486753953138985
2520 1 0.5419495545292033
2521 1 0.3314218264770254
2522 1 0.5492323525400138
2523 1 0.31633033538499433
2524 1 0.33042750319488295
2525 1 0.27452534490381447
2526 1 0.1812212500397625
2527 1 0.5555303551119424
2528 1 0.3867829527544387
2529 1 0.3534111937628178
2530 1 0.4360850945623245
2531 1 0.5113395025444061
2532 1 0.5360850345747682
2533 1 0.49831152293068026
2534 1 0.36437498464621537
2535 1 0.5306369680380084
2536 1 0.511700166148031
2537 1 0.5649096255861751
2538 1 0.7013054201636145
2539 1 0.5387177278446011
2540 1 0.4485785387343171
2541 1 0.472549601460439
2542 1 0.5012632582022452
2543 1 0.21767124843569857
2544 1 0.5594089164327255
2545 1 0.519438687377774
2546 1 0.530164156824242
2547 1 0.6510297052768397
2548 1 0.6384876287519778
2549 1 0.5189853819652027
2550 1 0.5791108314540353
2551 1 0.43710438520343614
2552 1 0.48962145844890226
2553 1 0.40961482294324836
2554 1 0.5589841024747229
2555 1 0.46105494538644254
2556 1 0.5158135142714152
2557 1 0.6558834468327248
2558 1 0.2992284102925974
2559 1 0.7320224227783507
2560 1 0.4578380437611596
2561 1 0.522914272651602
2562 1 0.41110901396253574
2563 1 0.2521772129270095
2564 1 0.2072414266760036
2565 1 0.41857142131753394
2566 1 0.35473886121164505
2567 1 0.43950917290620833
2568 1 0.4955088521605378
2569 1 0.5832398703586206
2570 1 0.48014323651757834
2571 1 0.3877959922650862
2572 1 0.38517532285334
2573 1 0.6379900739885713
2574 1 0.5908919898164823
2575 1 0.4922541536600801
2576 1 0.4959759383482984
2577 1 0.4953824647858143
2578 1 0.9033097382065858
2579 1 0.742749392052394
2580 1 0.5712963282049697
2581 1 0.36516691995286793
2582 1 0.7052333656923998
2583 1 0.4738578160790525
2584 1 0.804259090318139
2585 1 0.5695587064064037
2586 1 0.3791754606549906
2587 1 0.561058257237581
2588 1 0.8253427281493575
2589 1 0.2710596588247864
2590 1 0.5870999187374394
2591 1 0.43214930461361123
2592 1 0.40897034830982504
2593 1 0.5133200969648621
2594 1 0.44033274187276045
2595 1 0.4933201419652361
2596 1 0.36857136519880057
2597 1 0.310063294767642
2598 1 0.2675725525011918
2599 1 0.4252250588552184
2600 1 0.6175290737117337
2601 1 0.5926519276516022
2602 1 0.5497281198794697
2603 1 0.5093859757407275
2604 1 0.5944979228085576
2605 1 0.6557075543319478
2606 1 0.7705324562586093
2607 1 0.49001783336864757
2608 1 0.5255725170705385
2609 1 0.5506648021365657
2610 1 0.54228904277505
2611 1 0.3062713038384084
2612 1 0.39243666567537616
2613 1 0.5448571710747092
2614 1 0.7320301676350207
2615 1 0.43309501329232303
2616 1 0.4273387848824578
2617 1 0.30532175212886964
2618 1 0.4438805917678302
2619 1 0.5404130812960988
2620 1 0.4082428570552944
2621 1 0.4707410581739427
2622 1 0.32047150714031364
2623 1 0.3530421277412835
2624 1 0.4577868485557338
2625 1 0.438051742361273
2626 1 0.4838470842885871
2627 1 0.3041143970320144
2628 1 0.5631540374728917
2629 1 0.5402461855420945
2630 1 0.6559472743691849
2631 1 0.4055828698633394
2632 1 0.5414800056068145
2633 1 0.4711361703875211
2634 1 0.3634258347950635
2635 1 0.5138723277650366
2636 1 0.6439464642060367
2637 1 0.5058422376140812
2638 1 0.6377577177497409
2639 1 0.5511725470191666
2640 1 0.4565434787382896
2641 1 0.35159275183619165
2642 1 0.7725661986000903
2643 1 0.5229721083658048
2644 1 0.4317960569473691
2645 1 0.6295117983061228
2646 1 0.396848087334609
2647 1 0.5535076773268501
2648 1 0.6402536127670112
2649 1 0.6020257423920956
2650 1 0.4441425612812261
2651 1 0.4964921169876612
2652 1 0.6516185964334382
2653 1 0.5686067066609907
2654 1 0.4539582890679547
2655 1 0.5919787299889017
2656 1 0.4285395818390252
2657 1 0.42252084144854185
2658 1 0.4620281986980989
2659 1 0.44571083429788383
2660 1 0.5303618816893668
2661 1 0.6974335234797518
2662 1 0.5507513522826617
2663 1 0.6984979282021684
2664 1 0.743517911966629
2665 1 0.5082015545827636
2666 1 0.40085010182602016
2667 1 0.5089708061066776
2668 1 0.3113679056955167
2669 1 0.4850391157957556
2670 1 0.544235959854134
2671 1 0.39910937637168575
2672 1 0.6396496246034052
2673 1 0.3874581247648668
2674 1 0.6971935413609579
2675 1 0.659487989821877
2676 1 0.3086976196690546
2677 1 0.49162132487716476
2678 1 0.42602573437378655
2679 1 0.38960750081719586
2680 1 0.5232563600808872
2681 1 0.4883758524795088
2682 1 0.2411836956163744
2683 1 0.4473670466315553
2684 1 0.42094276075762804
2685 1 0.4717322794643264
2686 1 0.5519129559824264
2687 1 0.6401072275988369
2688 1 0.3275013420912251
2689 1 0.5252749951539663
2690 1 0.426887178978648
2691 1 0.5018066642033348
2692 1 0.3760393591896494
2693 1 0.5818690365520578
2694 1 0.5349313443513415
2695 1 0.44402145103651475
2696 1 0.46378970292118965
2697 1 0.5460722402440517
2698 1 0.8132425247344937
2699 1 0.4200933544322723
2700 1 0.43890979931934565
2701 1 0.5194566037721948
2702 1 0.49106903389529966
2703 1 0.4396463538810444
2704 1 0.5930264923937983
2705 1 0.4119211220610119
2706 1 0.6258521810271702
2707 1 0.6924872258114295
2708 1 0.38675024774950895
2709 1 0.6232444063053503
2710 1 0.5156234355317071
2711 1 0.6305095996462577
2712 1 0.3535579696959798
2713 1 0.44631196951654345
2714 1 0.33335249394492233
2715 1 0.4705536069058414
2716 1 0.40332662111220136
2717 1 0.5426009511664092
2718 1 0.3850596822091173
2719 1 0.4640715856408673
2720 1 0.5348834494321858
2721 1 0.46683612479251324
2722 1 0.4587967846879479
2723 1 0.28792974019339707
2724 1 0.30735775086775313
2725 1 0.7115263365757741
2726 1 0.34223284738632376
2727 1 0.39162615807707335
2728 1 0.3676342134135823
2729 1 0.41890447705583894
2730 1 0.3791660512337665
2731 1 0.5196628028849891
2732 1 0.4960009855797421
2733 1 0.4542155716201774
2734 1 0.4386668666336926
2735 1 0.38146104368170347
2736 1 0.4599498043153912
2737 1 0.4986838631689963
2738 1 0.7139001021422792
2739 1 0.5997398662223079
2740 1 0.5576885118670941
2741 1 0.45683841866619185
2742 1 0.2681339739052903
2743 1 0.5483772780423231
2744 1 0.6058311901692607
2745 1 0.389885301720628
2746 1 0.35117828413697766
2747 1 0.37378983303844265
2748 1 0.7580662222535749
2749 1 0.5124014240094055
2750 1 0.49306771638052976
2751 1 0.4995806760266069
2752 1 0.3920073483519574
2753 1 0.5124886339354203
2754 1 0.5476004369693283
2755 1 0.33180654889022315
2756 1 0.4909179198883701
2757 1 0.4135501619452829
2758 1 0.33752204566614813
2759 1 0.43306118175270164
2760 1 0.5831343518865222
2761 1 0.351597049696387
2762 1 0.5314252710884192
2763 1 0.31753471661885185
2764 1 0.3674910980248301
2765 1 0.5410970803242915
2766 1 0.4844058557569455
2767 1 0.5470730126738345
2768 1 0.4224366397750623
2769 1 0.5012695068366945
2770 1 0.533980340238509
2771 1 0.6819626447902111
2772 1 0.53223810164452
2773 1 0.395215320068198
2774 1 0.5634714639983613
2775 1 0.7287853755400723
2776 1 0.40003035342616167
2777 1 0.40857532290209553
2778 1 0.5118858330428667
2779 1 0.4517360238360074
2780 1 0.41659860087392075
2781 1 0.6096048492562725
2782 1 0.4268424814544843
2783 1 0.6472621361886683
2784 1 0.34942330837933167
2785 1 0.38679810411910237
2786 1 0.6381309670921236
2787 1 0.398301594421573
2788 1 0.5584954967564725
2789 1 0.3797054497443855
2790 1 0.5691595023925207
2791 1 0.4510845464943223
2792 1 0.46076924598276103
2793 1 0.3583162095645982
2794 1 0.7703130385286319
2795 1 0.3514714560543782
2796 1 0.5282928348821824
2797 1 0.4356372623555965
2798 1 0.37488452385008764
2799 1 0.3942681110072408
2800 1 0.3961218321620874
2801 1 0.645548692453717
2802 1 0.4332684156023086
2803 1 0.3833082882327466
2804 1 0.4465328108069769
2805 1 0.46082531008110733
2806 1 0.641231033591422
2807 1 0.6340512255896915
2808 1 0.412197948963992
2809 1 0.5321031077333416
2810 1 0.5352071010186312
2811 1 0.5964967059663858
2812 1 0.4240541142359696
2813 1 0.4877940896639184
2814 1 0.8028773691722403
2815 1 0.46869421203196043
2816 1 0.3274204773122329
2817 1 0.48011603661201463
2818 1 0.3930916219070586
2819 1 0.4703782183227243
2820 1 0.4237260419299323
2821 1 0.38413153188536653
2822 1 0.2979543944051197
2823 1 0.268018959483454
2824 1 0.5108311186820097
2825 1 0.3999843374514999
2826 1 0.4456469557317872
2827 1 0.4056725483480172
2828 1 0.5424240375182332
2829 1 0.5825464494291297
2830 1 0.29940406899998573
2831 1 0.5800539290239042
2832 1 0.6090393942922151
2833 1 0.5445600684886276
2834 1 0.5343125367930437
2835 1 0.3344516900633283
2836 1 0.25882059212109404
2837 1 0.27752242915941266
2838 1 0.3712304945936604
2839 1 0.5288371139337912
2840 1 0.4034274104682094
2841 1 0.4498008053010777
2842 1 0.6258827316939702
2843 1 0.47898548749670966
2844 1 0.3251676256372729
2845 1 0.3370981793617744
2846 1 0.4982551121636081
2847 1 0.5316042248127129
2848 1 0.4330307886121707
2849 1 0.5288795930554446
2850 1 0.4307296942399892
2851 1 0.5765994475554299
2852 1 0.7723932084098858
2853 1 0.7774405372703196
2854 1 0.6903507491637213
2855 1 0.29990494013509084
2856 1 0.47975941710707753
2857 1 0.3509678731378322
2858 1 0.4103115033907669
2859 1 0.3660165622902923
2860 1 0.36588579940157884
2861 1 0.5677596684990348
2862 1 0.4831353839331856
2863 1 0.40626850738659787
2864 1 0.610527282596732
2865 1 0.49086699397521055
2866 1 0.5200623150180358
2867 1 0.44076743505744437
2868 1 0.5439068985715556
2869 1 0.5021869578542263
2870 1 0.4844323495676483
2871 1 0.5929481813153082
2872 1 0.4060131728352794
2873 1 0.4798117452258992
2874 1 0.4462815564078939
2875 1 0.32733519708301345
2876 1 0.4131449039861068
2877 1 0.7642812201298005
2878 1 0.4668804448637684
2879 1 0.5169629363094894
2880 1 0.5758596922707194
2881 1 0.5482409038349458
2882 1 0.43324988186022084
2883 1 0.39005826084931466
2884 1 0.40174957404876055
2885 1 0.47539037251022515
2886 1 0.6326666251520234
2887 1 0.4176295778564478
2888 1 0.5440113021570318
2889 1 0.5057017122567133
2890 1 0.6569238165963769
2891 1 0.5634913597325393
2892 1 0.3948214223044998
2893 1 0.5541866025115716
2894 1 0.4120005402607449
2895 1 0.5661863687858526
2896 1 0.40376109437024554
2897 1 0.4087532152654181
2898 1 0.5355454979513287
2899 1 0.4171588915833032
2900 1 0.4909511238189301
2901 1 0.32389407345388294
2902 1 0.5521977390713319
2903 1 0.3233097677538547
2904 1 0.2916577884921537
2905 1 0.4436291679170741
2906 1 0.3349954230423601
2907 1 0.33170436093390754
2908 1 0.5479208126749822
2909 1 0.6637506600908808
2910 1 0.4202569598840659
2911 1 0.5834851745356934
2912 1 0.4769262128649039
2913 1 0.5563439904941571
2914 1 0.49861790098519004
2915 1 0.26207237056154037
2916 1 0.4180565217471019
2917 1 0.5068825890736246
2918 1 0.384525939113424
2919 1 0.534024889943128
2920 1 0.3727767963011449
2921 1 0.4376327990301411
2922 1 0.5494972637455495
2923 1 0.43003406378270737
2924 1 0.41169501279262083
2925 1 0.4496535828585968
2926 1 0.4389377921256191
2927 1 0.5895268666145065
2928 1 0.3550712824075142
2929 1 0.3482720132207981
2930 1 0.42462350735675247
2931 1 0.6999543448104144
2932 1 0.5095321753717998
2933 1 0.5757323791518305
2934 1 0.41637804939854234
2935 1 0.37078348329847544
2936 1 0.5172553829959154
2937 1 0.31269187848773156
2938 1 0.33098293139004936
2939 1 0.4872629072021015
2940 1 0.3285389595825291
2941 1 0.6073232909147991
2942 1 0.3545156151495944
2943 1 0.527546524507869
2944 1 0.4718173880231927
2945 1 0.4173328979288768
2946 1 0.5487294452114806
2947 1 0.5373096229899869
2948 1 0.5330108542452299
2949 1 0.6044603272425251
2950 1 0.3915706286805698
2951 1 0.4768572795914498
2952 1 0.5579869836559753
2953 1 0.5418491043538767
2954 1 0.38936138848598933
2955 1 0.45431228609331464
2956 1 0.5497151345010048
2957 1 0.49489450220738423
2958 1 0.324307607920887
2959 1 0.16185232752438194
2960 1 0.4149970557022979
2961 1 0.4371091104368367
2962 1 0.46304905877786623
2963 1 0.5256694237368175
2964 1 0.6552614349460605
2965 1 0.5016694871111885
2966 1 0.4955421795051642
2967 1 0.6145639720034407
2968 1 0.4896471862603885
2969 1 0.625102584233336
2970 1 0.4563797665125283
2971 1 0.4464704220843965
2972 1 0.4703636080386078
2973 1 0.45500524831074746
2974 1 0.48532493445347874
2975 1 0.5649130473451665
2976 1 0.3547197891623597
2977 1 0.4370206020284424
2978 1 0.4365399732962411
2979 1 0.5534688251920739
2980 1 0.58914248560067
2981 1 0.5493662726101469
2982 1 0.45629349370141314
2983 1 0.5733089867092154
2984 1 0.595010795337616
2985 1 0.41615040951839294
2986 1 0.4855696318216139
2987 1 0.3431435114622088
2988 1 0.3051628239315249
2989 1 0.4933955493464787
2990 1 0.29553579375630057
2991 1 0.30667775655668117
2992 1 0.4647596917227887
2993 1 0.42175374509476254
2994 1 0.37554851759678504
2995 1 0.47343733742146765
2996 1 0.5221326960838122
2997 1 0.45997364347565917
2998 1 0.5501658937011187
2999 1 0.5287734993905964
3000 1 0.7214522060087288
