1 1 0.2994526533739035
2 1 0.30391336134189034
3 1 0.5870342713288361
4 1 0.501436772832898
5 1 0.2735194775531019
6 1 0.3135119541428672
7 1 0.3944293474636297
8 1 0.44871703926899104
9 1 0.589752683571828
10 1 0.5948297801824111
11 1 0.4480949644272861
12 1 0.746340297648542
13 1 0.43533934745535674
14 1 0.3401701113366244
15 1 0.3516864408620248
16 1 0.617215264743752
17 1 0.4503244961130618
18 1 0.5457135712336073
19 1 0.4113337950737043
20 1 0.36261074784156005
21 1 0.5086478079214464
22 1 0.4922074906629083
23 1 0.5089643364362486
24 1 0.44000944277907533
25 1 0.5031097697569343
26 1 0.5357581517584629
27 1 0.6366035688142562
28 1 0.43960625512553
29 1 0.6036998270239261
30 1 0.3970218956630065
31 1 0.3824117524327816
32 1 0.4982006305386615
33 1 0.30024988411467696
34 1 0.459920430103579
35 1 0.4829041350929329
36 1 0.4219493175631026
37 1 0.7259517686075068
38 1 0.5830273904405193
39 1 0.43724168903766863
40 1 0.5510988649388385
41 1 0.4959445240603685
42 1 0.5487354844580195
43 1 0.2068500218764467
44 1 0.5714736805970848
45 1 0.5325579695498243
46 1 0.518509922202371
47 1 0.5214943386280575
48 1 0.3922762853520726
49 1 0.419926945955829
50 1 0.566044060996564
51 1 0.35937587879221977
52 1 0.6096569713152037
53 1 0.4692961296126008
54 1 0.44142303858897175
55 1 0.5822289984981819
56 1 0.4909536861168164
57 1 0.39755392566052417
58 1 0.44554757912017057
59 1 0.3659661036865752
60 1 0.6929352332938653
61 1 0.3548883225794248
62 1 0.5421440448364488
63 1 0.5500450879702161
64 1 0.4161602063765849
65 1 0.518296593916564
66 1 0.48845662296460757
67 1 0.39395380450030376
68 1 0.41562354849024474
69 1 0.6447649210568902
70 1 0.6002621620393394
71 1 0.6141696537999118
72 1 0.48141392965465263
73 1 0.4113578189390694
74 1 0.47069097896447915
75 1 0.5879997251488311
76 1 0.5024144133066135
77 1 0.25386082290608597
78 1 0.509023422099209
79 1 0.3094707358559243
80 1 0.5691077114715565
81 1 0.2869378488617001
82 1 0.72645897518291
83 1 0.5017710430210832
84 1 0.3301413570045476
85 1 0.529139965119352
86 1 0.7068736889503591
87 1 0.5633222985470058
88 1 0.43935713038176344
89 1 0.17992711128075775
90 1 0.3603072800366141
91 1 0.439144869280962
92 1 0.4014425439797111
93 1 0.49987431192543014
94 1 0.5532852535630172
95 1 0.46812095951758664
96 1 0.6818544666756481
97 1 0.5941945039182915
98 1 0.6772904899769261
99 1 0.5316842814375714
100 1 0.5291680269820356
101 1 0.5179989039349935
102 1 0.41497194801182835
103 1 0.4866824021006484
104 1 0.407652158783962
105 1 0.46081192561760553
106 1 0.5529944736598249
107 1 0.34975701141748144
108 1 0.5697291828323434
109 1 0.42342157665478414
110 1 0.3616538484190435
111 1 0.6597956194891546
112 1 0.7097533792499868
113 1 0.5555504277858379
114 1 0.29849816399236895
115 1 0.6708589040195306
116 1 0.3362633988512939
117 1 0.49784735319757634
118 1 0.5284880848099399
119 1 0.6916709294000755
120 1 0.5233595866567055
121 1 0.5559667955070045
122 1 0.11223666656356922
123 1 0.510681797923065
124 1 0.6352828502707046
125 1 0.6007322534289504
126 1 0.37217241348986146
127 1 0.5611811865224307
128 1 0.6383707706071898
129 1 0.445598392157993
130 1 0.43461734160940885
131 1 0.42512758753491875
132 1 0.292560774271764
133 1 0.6001207020630867
134 1 0.450126339437372
135 1 0.4871141666279365
136 1 0.39479798306127395
137 1 0.6460808516893357
138 1 0.39922178356736887
139 1 0.4773843558315429
140 1 0.5068914834837895
141 1 0.3700955247587637
142 1 0.4090768638011789
143 1 0.34684909923288626
144 1 0.5567648341245764
145 1 0.3324840641039029
146 1 0.6659544093301789
147 1 0.6642157361547014
148 1 0.21592934153434645
149 1 0.2150827285269159
150 1 0.6421291391073777
151 1 0.4698955986026968
152 1 0.3562449246641198
153 1 0.6419700209355711
154 1 0.5140572691515627
155 1 0.5153094709788012
156 1 0.3831529900729638
157 1 0.34322040119892316
158 1 0.4213678564879711
159 1 0.3982130724237645
160 1 0.3491491469428507
161 1 0.7534282844755343
162 1 0.42303277769470554
163 1 0.3123808004373044
164 1 0.4583085184277139
165 1 0.6351378440120542
166 1 0.45026025534748054
167 1 0.5039949364867021
168 1 0.42419578165878774
169 1 0.6635960000788884
170 1 0.43447541931574335
171 1 0.4016392496387821
172 1 0.3966965437357944
173 1 0.5277513960181106
174 1 0.4085460535229061
175 1 0.4176478134634314
176 1 0.4300553370397343
177 1 0.4570421128894406
178 1 0.5248280049362397
179 1 0.5649351304203369
180 1 0.5296685802912527
181 1 0.6384885944323805
182 1 0.695047580688916
183 1 0.431634910070179
184 1 0.6681594961560889
185 1 0.5975429075300113
186 1 0.4686830908992357
187 1 0.6231747214540982
188 1 0.42454234527466095
189 1 0.5024619310501955
190 1 0.5337720380945564
191 1 0.6696181109213917
192 1 0.5486015191822844
193 1 0.4067373424487465
194 1 0.5111076466178804
195 1 0.5338777509784763
196 1 0.4013958956812933
197 1 0.2750532528715146
198 1 0.29703223618096103
199 1 0.5204156722315952
200 1 0.36187802715863415
201 1 0.39169354909070003
202 1 0.32330019359565226
203 1 0.38538694081432134
204 1 0.4870371132635835
205 1 0.1542632091447378
206 1 0.4466599372794238
207 1 0.6026172255214232
208 1 0.5623126189496491
209 1 0.37962277895999924
210 1 0.518539613685401
211 1 0.5708785751955748
212 1 0.4905812898568344
213 1 0.40716786784334097
214 1 0.3202024658622457
215 1 0.41215987946853117
216 1 0.5616226333685638
217 1 0.5484102135126219
218 1 0.2586506612130613
219 1 0.4119041757843534
220 1 0.49400954264684727
221 1 0.42794524521008137
222 1 0.37229220278805997
223 1 0.3461049853516197
224 1 0.3527281118814062
225 1 0.241614621205346
226 1 0.5463678721227306
227 1 0.5395406364765641
228 1 0.39371200666939143
229 1 0.5054041681533427
230 1 0.46152368587736275
231 1 0.2172856754361151
232 1 0.4561613247243477
233 1 0.3752535260845764
234 1 0.5866560119300277
235 1 0.5717910167113507
236 1 0.7278916150312588
237 1 0.32647149330739944
238 1 0.46874667299423795
239 1 0.5174524846893387
240 1 0.48996439840591804
241 1 0.5163514714721397
242 1 0.5352754879421735
243 1 0.36984969530923756
244 1 0.3831574942703847
245 1 0.7467625726047968
246 1 0.5375145244524064
247 1 0.5254862900196952
248 1 0.3991672367687018
249 1 0.5000626026865178
250 1 0.7418789720555533
251 1 0.5029457635560936
252 1 0.5253207684605201
253 1 0.508370295723729
254 1 0.4146053660797159
255 1 0.3869480583111428
256 1 0.4857589004658434
257 1 0.6549364199808501
258 1 0.322352312552037
259 1 0.42720044187405276
260 1 0.5352217445829452
261 1 0.5895750202871993
262 1 0.32506073713037004
263 1 0.6849112775153472
264 1 0.4135163331790113
265 1 0.4523100240454891
266 1 0.5328812051337989
267 1 0.5224554629716694
268 1 0.5502958578650878
269 1 0.3023245289284461
270 1 0.5517630306332241
271 1 0.7887972865838354
272 1 0.6101676581672795
273 1 0.46710553437143537
274 1 0.4950414792084072
275 1 0.5392646199463976
276 1 0.32889784574626313
277 1 0.4332577850751648
278 1 0.4659095034165107
279 1 0.6011307582813474
280 1 0.4572235751086345
281 1 0.5365868894170497
282 1 0.5243688319474825
283 1 0.205965516035938
284 1 0.42821613326178554
285 1 0.6239408903997024
286 1 0.46553691829140675
287 1 0.34415255623979485
288 1 0.4827486427986636
289 1 0.45971263437330123
290 1 0.3335466270447127
291 1 0.4579659484355623
292 1 0.4130446498866114
293 1 0.4890475830401618
294 1 0.5507863328211078
295 1 0.6028475006385587
296 1 0.574125534108727
297 1 0.3103526405716493
298 1 0.47062683387946624
299 1 0.6011242758535091
300 1 0.7135899509453573
301 1 0.5566737342981227
302 1 0.4452995268307745
303 1 0.3719880134612175
304 1 0.3595277463182918
305 1 0.6088611516548118
306 1 0.40150555365531315
307 1 0.28764268989102476
308 1 0.345197659279562
309 1 0.7963986140813335
310 1 0.3925735723659163
311 1 0.35945727133968025
312 1 0.40926953090826146
313 1 0.46753807571400435
314 1 0.4868162447943221
315 1 0.5357383891450757
316 1 0.4225129781698351
317 1 0.48311652848252024
318 1 0.516158660428202
319 1 0.30715740712840583
320 1 0.5889313843147576
321 1 0.4588139994248675
322 1 0.33293949861712074
323 1 0.3402229242369923
324 1 0.4239961406862815
325 1 0.5125575378113665
326 1 0.5261897862516985
327 1 0.5095915527911601
328 1 0.5296574172809461
329 1 0.4060420700309247
330 1 0.26773085225747034
331 1 0.457401853799585
332 1 0.44246011832774834
333 1 0.6744810486279007
334 1 0.37993242596192617
335 1 0.47395224115192425
336 1 0.3296129648099712
337 1 0.38422462575033106
338 1 0.5955182903413992
339 1 0.4259112116668708
340 1 0.4209445653763473
341 1 0.4040150702574938
342 1 0.44900035331450383
343 1 0.39098429538449797
344 1 0.6535836969805296
345 1 0.369775992151451
346 1 0.48430272985372524
347 1 0.3969327516028364
348 1 0.3625607892728131
349 1 0.37729625574344067
350 1 0.35535745660868256
351 1 0.4856132527313828
352 1 0.7058100668672581
353 1 0.8943721500358845
354 1 0.6271568169151932
355 1 0.4030160641742028
356 1 0.37909554269762225
357 1 0.567450004857009
358 1 0.37875528013250986
359 1 0.5708771918486912
360 1 0.5669692399533321
361 1 0.40979467800622904
362 1 0.34198789209665664
363 1 0.5938005501329273
364 1 0.4328957164925276
365 1 0.5790059686018312
366 1 0.42978644663189586
367 1 0.5107344901827164
368 1 0.5248812471511578
369 1 0.5174453075373742
370 1 0.4514595791006306
371 1 0.2826590684810046
372 1 0.5473624072887984
373 1 0.34132086485994073
374 1 0.3570396943342748
375 1 0.44496220512579693
376 1 0.571074072506135
377 1 0.4561109762226179
378 1 0.3996501221756408
379 1 0.4453551593958908
380 1 0.5038548934148656
381 1 0.45506091998009607
382 1 0.5423950923436363
383 1 0.5562009968554613
384 1 0.4266742605939424
385 1 0.6702542469239513
386 1 0.44391565938946037
387 1 0.31648588647427955
388 1 0.5479438422944415
389 1 0.5969248845523738
390 1 0.584874470531919
391 1 0.18011484764921906
392 1 0.4705999376557064
393 1 0.3669530762050551
394 1 0.5144492813147273
395 1 0.4005986105828638
396 1 0.413585200724075
397 1 0.5086412489491537
398 1 0.4632866108875595
399 1 0.5419424835965365
400 1 0.6161052625451594
401 1 0.46207842184441744
402 1 0.4394765205949247
403 1 0.36055170811248294
404 1 0.4068880673546981
405 1 0.4116968104779656
406 1 0.4609450550057089
407 1 0.3236452263224321
408 1 0.5002483647072518
409 1 0.3838491114131613
410 1 0.5321230949880631
411 1 0.46837837713194497
412 1 0.39339022570739046
413 1 0.6094862275383427
414 1 0.35796878648762
415 1 0.3093147632174685
416 1 0.23009238416752245
417 1 0.5485110816317644
418 1 0.6002322539576894
419 1 0.49527208324482996
420 1 0.4872261384077
421 1 0.32274293665362336
422 1 0.48060440631819623
423 1 0.5794775928218803
424 1 0.781073675159988
425 1 0.4278653832743792
426 1 0.4950458622104418
427 1 0.46084215707184273
428 1 0.5212239112297561
429 1 0.4305402738935252
430 1 0.3476247918617263
431 1 0.6272352306076264
432 1 0.42331402753595726
433 1 0.2591938811223789
434 1 0.3552751796399688
435 1 0.62293337151918
436 1 0.45485540671670915
437 1 0.5636949227763421
438 1 0.3600960705900592
439 1 0.4002005735945792
440 1 0.39837424481577294
441 1 0.39013547229460654
442 1 0.7445502783974092
443 1 0.5571100648685327
444 1 0.5896512710441182
445 1 0.34590856118755403
446 1 0.47866504717200525
447 1 0.44418077915090165
448 1 0.49335348068059687
449 1 0.5555139041555593
450 1 0.4855919026525663
451 1 0.5509884498403215
452 1 0.2960306029033983
453 1 0.38901169181683976
454 1 0.3722204825753852
455 1 0.3968699845953424
456 1 0.41074540062405623
457 1 0.6424411318085709
458 1 0.4669828438720042
459 1 0.46619374875288855
460 1 0.7617331883548449
461 1 0.5879715079785586
462 1 0.5010764323245253
463 1 0.5293458749717613
464 1 0.49786742725814687
465 1 0.4369305851950882
466 1 0.40710233580608973
467 1 0.3399336749455583
468 1 0.37244334785650735
469 1 0.5808619702822239
470 1 0.37503750071608233
471 1 0.37908913431822405
472 1 0.4795733292177413
473 1 0.45267279151227746
474 1 0.6502123810620473
475 1 0.3214505148754838
476 1 0.6262410132674465
477 1 0.3353824797840902
478 1 0.34334339593482816
479 1 0.6248776749934063
480 1 0.3065283273597592
481 1 0.33952827499087207
482 1 0.3747682264766307
483 1 0.5064802101288828
484 1 0.4895247683812433
485 1 0.5238389573974345
486 1 0.38992664820622047
487 1 0.555386438225096
488 1 0.5119027521406971
489 1 0.3997201198607507
490 1 0.7496918614923664
491 1 0.5392072823258203
492 1 0.35214105169035004
493 1 0.5126085971226517
494 1 0.3107794746376512
495 1 0.2826435765489847
496 1 0.582612870324994
497 1 0.69525141219298
498 1 0.5623030176126185
499 1 0.43035007895046035
500 1 0.5492007848858396
501 1 0.44592343291535674
502 1 0.3650724405223399
503 1 0.574946121446902
504 1 0.6234370096253871
505 1 0.7075809533327447
506 1 0.42126546968247436
507 1 0.4641181188452681
508 1 0.30729232255378475
509 1 0.5125858903211098
510 1 0.4438841937945591
511 1 0.9103902380984401
512 1 0.27177628742279425
513 1 0.46661652346677845
514 1 0.5091034263077564
515 1 0.4039568662424366
516 1 0.3829266980408204
517 1 0.5179241161200975
518 1 0.5658820557676089
519 1 0.5921679650755985
520 1 0.5709638210352566
521 1 0.4658318698673782
522 1 0.543148612595442
523 1 0.4188583540298745
524 1 0.44658294271008675
525 1 0.6031328763923177
526 1 0.4171518284160156
527 1 0.3533158862100375
528 1 0.28729315712684855
529 1 0.4030824112989622
530 1 0.6159363292110522
531 1 0.3752920368199914
532 1 0.48853043788839134
533 1 0.619871724234753
534 1 0.5627138979838576
535 1 0.267851615001451
536 1 0.45947920568010053
537 1 0.6436163651359605
538 1 0.4723866801940426
539 1 0.2909059891039029
540 1 0.5114931935479758
541 1 0.4114184249523941
542 1 0.6041042945784072
543 1 0.513386781883628
544 1 0.39589508169522114
545 1 0.5124621226526137
546 1 0.5388398722714554
547 1 0.5418743318530578
548 1 0.5490641494289107
549 1 0.5141121767630396
550 1 0.43357226075644006
551 1 0.27151673183307
552 1 0.4270823617913403
553 1 0.48769226501642743
554 1 0.3848218696818772
555 1 0.45622617645889135
556 1 0.4752939564495271
557 1 0.5948881544811463
558 1 0.44828961808483514
559 1 0.4367854577410513
560 1 0.31731763016672176
561 1 0.5172479085408516
562 1 0.595776202998698
563 1 0.19526539084667813
564 1 0.8243561691373339
565 1 0.35645738405943245
566 1 0.45871209462756724
567 1 0.3093661861149133
568 1 0.49140872487301696
569 1 0.5319936949234446
570 1 0.24315226978409865
571 1 0.4043015023801943
572 1 0.30226330362610965
573 1 0.32960522466799586
574 1 0.5326247385010893
575 1 0.44629590849314327
576 1 0.571262113388405
577 1 0.4664546743774172
578 1 0.4736574665156705
579 1 0.4488496849848882
580 1 0.4833957437943538
581 1 0.45532327277043533
582 1 0.35903052629820725
583 1 0.33816476199579404
584 1 0.2990764878541992
585 1 0.6335166809959039
586 1 0.32052324758631134
587 1 0.3732821849457501
588 1 0.48079525077978597
589 1 0.47699989522256686
590 1 0.48465648365630715
591 1 0.4120097710782414
592 1 0.5466652678518866
593 1 0.3718033713191355
594 1 0.48665469744541995
595 1 0.48193216140487743
596 1 0.46319956347984326
597 1 0.37565301020679004
598 1 0.34237349477108303
599 1 0.5266603552121462
600 1 0.4742430698660731
601 1 0.329025905728255
602 1 0.407076787707671
603 1 0.6969512149295727
604 1 0.35207534520939604
605 1 0.3478060488530344
606 1 0.2864245312099978
607 1 0.5579082937379014
608 1 0.6117236164014558
609 1 0.31251407847695745
610 1 0.5487593266689723
611 1 0.5532223373493035
612 1 0.27491324418921576
613 1 0.3611896523391165
614 1 0.49261532645072964
615 1 0.47264887129808814
616 1 0.41160360235098886
617 1 0.41956855649904534
618 1 0.34371410350211307
619 1 0.44125411302024403
620 1 0.49254634408898407
621 1 0.49807941795734223
622 1 0.363867003474211
623 1 0.402274836240745
624 1 0.3957980835083986
625 1 0.33118204958611724
626 1 0.6792204868488398
627 1 0.4773428529290214
628 1 0.35808389880870445
629 1 0.7267188699533157
630 1 0.455565982478764
631 1 0.5506039301589947
632 1 0.4748958590022167
633 1 0.34472730331237944
634 1 0.49162220929841816
635 1 0.4585801838493688
636 1 0.5809701486741218
637 1 0.3175039343773429
638 1 0.5212608802600137
639 1 0.3164532979500416
640 1 0.4204734558900223
641 1 0.686510287290577
642 1 0.7480661496278634
643 1 0.48593052394926306
644 1 0.3705394368355399
645 1 0.5780071269781838
646 1 0.4894300118930695
647 1 0.3544304414170075
648 1 0.3911676104786975
649 1 0.711997316269328
650 1 0.42841256269521577
651 1 0.49480993472906526
652 1 0.32671458962069116
653 1 0.40468494128710153
654 1 0.6245218023515721
655 1 0.5017179960499916
656 1 0.49551006078638354
657 1 0.769529700883715
658 1 0.4265530640980519
659 1 0.5632847332465399
660 1 0.3164834914093865
661 1 0.30127582746730486
662 1 0.8181537783546593
663 1 0.4727113107729699
664 1 0.31694003886788175
665 1 0.6758464988078188
666 1 0.5387612813619697
667 1 0.5368602729289097
668 1 0.4625142606999065
669 1 0.36305938237838703
670 1 0.6106787773845901
671 1 0.4104399230762286
672 1 0.39286759681104727
673 1 0.33620748423650226
674 1 0.5644729003680878
675 1 0.49732923127200396
676 1 0.5357795611869651
677 1 0.3151517382616242
678 1 0.579671031752214
679 1 0.49963092967977346
680 1 0.43089439766097126
681 1 0.47427008229318995
682 1 0.3166110380443291
683 1 0.44558126145357224
684 1 0.48923125866983636
685 1 0.5609200076910648
686 1 0.7325763783247699
687 1 0.5871613545370261
688 1 0.5052432143012991
689 1 0.4538083570627127
690 1 0.43282193568094657
691 1 0.6195153388005396
692 1 0.4026558878481387
693 1 0.5293158936736765
694 1 0.29010090312713716
695 1 0.4724790823855655
696 1 0.4098604696290221
697 1 0.5696558291166325
698 1 0.4358533490151214
699 1 0.38112666977023546
700 1 0.7411980054080392
701 1 0.570338700223459
702 1 0.5748843583920381
703 1 0.4372277169013426
704 1 0.6067299363290218
705 1 0.4478859115375409
706 1 0.664460110704919
707 1 0.36720731140051016
708 1 0.5801926988508445
709 1 0.4115438061558077
710 1 0.8540433063281454
711 1 0.30607260192214664
712 1 0.3321489968549832
713 1 0.5342547437884279
714 1 0.49089884451106497
715 1 0.34000348653889617
716 1 0.5113968091034655
717 1 0.5520149808657735
718 1 0.5452517688318985
719 1 0.614339981574302
720 1 0.3664409158722271
721 1 0.518347511787009
722 1 0.41992927251898177
723 1 0.2508250093751079
724 1 0.38214833439878165
725 1 0.28707478772309797
726 1 0.4332597242013496
727 1 0.4853352208079117
728 1 0.2842263197955935
729 1 0.657906540897623
730 1 0.5175349175203117
731 1 0.46921508678455087
732 1 0.3341070392268167
733 1 0.50561648860383
734 1 0.2723618289274963
735 1 0.3223761580910095
736 1 0.4271357429510835
737 1 0.3796135378811085
738 1 0.5271009595146081
739 1 0.5306493590876095
740 1 0.5673886187003838
741 1 0.4273300793374148
742 1 0.6884059864227668
743 1 0.3934737517928572
744 1 0.4647759155418227
745 1 0.6628082042741572
746 1 0.6759808018775604
747 1 0.7226195327931547
748 1 0.5053201045926835
749 1 0.5073928613099041
750 1 0.5050692051823757
751 1 0.2927340587143829
752 1 0.5923724524768919
753 1 0.3511818445634594
754 1 0.40018289764958664
755 1 0.6379155779300751
756 1 0.70872412008033
757 1 0.3429694818204968
758 1 0.5295354264976709
759 1 0.6061118956019456
760 1 0.3200156937875122
761 1 0.5225221578744946
762 1 0.4124259443875864
763 1 0.5014966927194805
764 1 0.37326841526396004
765 1 0.7619003636625098
766 1 0.3658184214226963
767 1 0.6686182611850895
768 1 0.5882443373751273
769 1 0.5444129697375482
770 1 0.33480186874067436
771 1 0.528896213740836
772 1 0.46077370469724516
773 1 0.3826134653749286
774 1 0.4021374442139888
775 1 0.537161941835448
776 1 0.4468044812206614
777 1 0.35066858820278785
778 1 0.44855010773877424
779 1 0.48724169690011543
780 1 0.3592566949162841
781 1 0.7229083524927038
782 1 0.5269409549802033
783 1 0.5247875625626843
784 1 0.5137178019831748
785 1 0.38836189734381726
786 1 0.42961992417077544
787 1 0.509974855249257
788 1 0.4983066509870748
789 1 0.40116698782561244
790 1 0.4968632333467077
791 1 0.5455312545453381
792 1 0.42598135384350566
793 1 0.5694509229395184
794 1 0.6229709576197695
795 1 0.4786481122660808
796 1 0.654971546674831
797 1 0.3780711471515215
798 1 0.5524097491839759
799 1 0.6823184971865917
800 1 0.5331815051148724
801 1 0.492533362593209
802 1 0.539902007007055
803 1 0.4651092924340351
804 1 0.4535758665937516
805 1 0.46233109120657173
806 1 0.5277611706895042
807 1 0.6016347438882852
808 1 0.5973545138776458
809 1 0.4833240671232709
810 1 0.5086145751480484
811 1 0.39843809342969144
812 1 0.4814219238354702
813 1 0.8193781867794755
814 1 0.38291786991371596
815 1 0.6880764827908944
816 1 0.5047095677181791
817 1 0.39844011769771537
818 1 0.5000772961711284
819 1 0.25648708727373215
820 1 0.5012511724984576
821 1 0.720130744484764
822 1 0.3630931983872494
823 1 0.519112418026446
824 1 0.4150235594970601
825 1 0.38427569781902543
826 1 0.30456980214772433
827 1 0.5611679723426068
828 1 0.4916659122993412
829 1 0.5021767119907006
830 1 0.40232306867657236
831 1 0.31094779866680594
832 1 0.452879386936759
833 1 0.4759906549238195
834 1 0.4438916765696723
835 1 0.40060966903788275
836 1 0.44058993706446425
837 1 0.6511564803658662
838 1 0.4956428734579391
839 1 0.4021351073894417
840 1 0.3500482195258839
841 1 0.6875140258179779
842 1 0.3920158009674981
843 1 0.46277260877312487
844 1 0.5689970520409214
845 1 0.49808403891279
846 1 0.32361953206847854
847 1 0.5951666881035974
848 1 0.3828647752410076
849 1 0.5521435203599468
850 1 0.32420368190624754
851 1 0.530433854831544
852 1 0.33195420924463853
853 1 0.46500335518611596
854 1 0.7875343066872432
855 1 0.46191200587992964
856 1 0.44545803236960874
857 1 0.5006642318387782
858 1 0.49388820360077684
859 1 0.41911768802894916
860 1 0.34824970522695836
861 1 0.37317857315164366
862 1 0.46471167671758623
863 1 0.4749508586889073
864 1 0.5916765912769063
865 1 0.5754716515444779
866 1 0.362231550773182
867 1 0.49484099264154485
868 1 0.4305929342596539
869 1 0.44575602908366785
870 1 0.45674418745047146
871 1 0.37946278330031386
872 1 0.26407534286425144
873 1 0.44845431429510785
874 1 0.5342549778591518
875 1 0.5586439095206904
876 1 0.35546529970258894
877 1 0.5228561382476249
878 1 0.5576792050598132
879 1 0.4547511856176502
880 1 0.4561474923648521
881 1 0.5812795599413151
882 1 0.38616942038480817
883 1 0.3072634461582629
884 1 0.5972728439952047
885 1 0.4286788539196154
886 1 0.41579045117762364
887 1 0.7264017371255906
888 1 0.5191293984153071
889 1 0.41228134109666303
890 1 0.43838405262314994
891 1 0.8414269922209889
892 1 0.5493085861021638
893 1 0.481266374410195
894 1 0.5245823690665301
895 1 0.516363846436312
896 1 0.6120969450616428
897 1 0.44170852638606306
898 1 0.4243552295818863
899 1 0.3582323595518741
900 1 0.4823581590285774
901 1 0.39766501634705415
902 1 0.40866220501816314
903 1 0.5520940701462195
904 1 0.2853399281809395
905 1 0.42925691875057354
906 1 0.44580299659464834
907 1 0.3369476832571818
908 1 0.3116968768442264
909 1 0.4244162968032839
910 1 0.3317335340778586
911 1 0.3567659985432264
912 1 0.4295066799781207
913 1 0.4758339692571283
914 1 0.5176753177996033
915 1 0.7042087471689745
916 1 0.6870802287026164
917 1 0.47472339796715546
918 1 0.3661287975382874
919 1 0.4864066776042165
920 1 0.5377719612028783
921 1 0.37992747913787595
922 1 0.32989647825933516
923 1 0.41296193084593835
924 1 0.5208129138231552
925 1 0.4987945872186818
926 1 0.6168765045022296
927 1 0.755014109745783
928 1 0.560980876895286
929 1 0.2848468692949047
930 1 0.40393417774500356
931 1 0.4558110417690489
932 1 0.447773186238635
933 1 0.4643837367003346
934 1 0.5500247521054239
935 1 0.37498628720654786
936 1 0.4573490849954791
937 1 0.2564973006890651
938 1 0.32507251083230426
939 1 0.5770411415070308
940 1 0.48287255440401466
941 1 0.49321334830689656
942 1 0.5969783977235679
943 1 0.6201791367487406
944 1 0.455264655526257
945 1 0.3956160008908531
946 1 0.622116037874998
947 1 0.4014569997882433
948 1 0.5678574099436053
949 1 0.4807338180308839
950 1 0.4388833931464966
951 1 0.5824896567717892
952 1 0.3285364915785362
953 1 0.41215894068962167
954 1 0.26297917552116934
955 1 0.46926065763656877
956 1 0.31423458676587146
957 1 0.40604517840138804
958 1 0.5106085060530547
959 1 0.5966114985202376
960 1 0.5015923275275378
961 1 0.5381419940141553
962 1 0.6043415624197452
963 1 0.3911508827420038
964 1 0.34444355579229186
965 1 0.3756359150012468
966 1 0.45171896884403645
967 1 0.5811513255156203
968 1 0.36215179339276765
969 1 0.3551772166047486
970 1 0.6885284522808638
971 1 0.6379967225400628
972 1 0.3813564265482922
973 1 0.4954454159437355
974 1 0.6092824420718852
975 1 0.4979080618248438
976 1 0.3974241046014051
977 1 0.4648782446616434
978 1 0.32122440921244755
979 1 0.7984859760906412
980 1 0.4823915093920075
981 1 0.47370714830410676
982 1 0.586457194365079
983 1 0.4380257707723387
984 1 0.6112564109596534
985 1 0.42415097985667133
986 1 0.37863012523444045
987 1 0.5082206399441279
988 1 0.2727098596454171
989 1 0.3670671873468595
990 1 0.5494758981359741
991 1 0.5901852421091656
992 1 0.4249893246763232
993 1 0.37092675233080685
994 1 0.2929978378385277
995 1 0.5107267725048745
996 1 0.46387299327192283
997 1 0.4631681594533077
998 1 0.3484940631370771
999 1 0.6371147251944543
1000 1 0.5497822892252281
