1 1 2.6897568976084427
1 2 0.6494617122396275
1 3 1.8082602110105075
1 4 2.7957385007424653
1 5 1.338422161277026
2 1 1.2796614054456124
2 2 2.034354750555016
2 3 0.2952280506611057
2 4 0.004686552350860006
2 5 2.4668428454677005
4 1 0.1735329149849961
4 2 0.6609573022246551
4 3 0.1557615520426733
4 4 0.06571231523070546
4 5 0.5730195773951867
6 1 0.23856648897521618
6 2 1.178870765778142
6 3 2.4556486163747433
6 4 0.04094743751806715
6 5 0.07374493853819042
8 1 0.0189579820584623
8 2 0.04797750878400355
8 3 0.2566682355450634
8 4 0.07085282208396936
8 5 0.3296370143846748
