3001 1 0.41611219026204244
3002 1 0.4320793354940044
3003 1 0.40327826914499726
3004 1 0.5185426077938523
3005 1 0.39710552741310073
3006 1 0.5044778504591441
3007 1 0.5632915712178231
3008 1 0.31954374536287067
3009 1 0.42233873803087285
3010 1 0.41044524513450764
3011 1 0.4796142976957549
3012 1 0.5573312300862233
3013 1 0.6075353326436308
3014 1 0.3761113326091615
3015 1 0.4377971197288499
3016 1 0.48546905185351624
3017 1 0.35374495448664356
3018 1 0.46784035420282993
3019 1 0.5780795873979221
3020 1 0.44027803172378976
3021 1 0.3535182866656014
3022 1 0.4670425954162534
3023 1 0.2842944679337173
3024 1 0.7110677856493786
3025 1 0.4055285543620462
3026 1 0.4043219319842099
3027 1 0.46982796048360226
3028 1 0.4249161564977145
3029 1 0.3411819569201801
3030 1 0.33772443253229806
3031 1 0.4097193499427908
3032 1 0.47671847343362705
3033 1 0.49306838697651306
3034 1 0.49429346266929275
3035 1 0.32032649394828866
3036 1 0.3818542985829163
3037 1 0.24740226639915588
3038 1 0.6899830756411248
3039 1 0.4175185911705355
3040 1 0.46391244167690754
3041 1 0.5625107104516185
3042 1 0.4512275370823333
3043 1 0.5186216954102884
3044 1 0.3713108005426667
3045 1 0.6408382765064994
3046 1 0.3159148298982826
3047 1 0.43916069346028874
3048 1 0.5292228935479353
3049 1 0.4827033354148774
3050 1 0.52827106852356
3051 1 0.4439304693547628
3052 1 0.33802318692552435
3053 1 0.32497116736100473
3054 1 0.24958593298049925
3055 1 0.36931446486604297
3056 1 0.5316459542979136
3057 1 0.3421138304660464
3058 1 0.5132323401342654
3059 1 0.574172653321942
3060 1 0.27069428607318957
3061 1 0.3916412356706322
3062 1 0.285958064588584
3063 1 0.39895273008656196
3064 1 0.4425518873635103
3065 1 0.28919133480176074
3066 1 0.35711689496350246
3067 1 0.5137877003823615
3068 1 0.3693213901978451
3069 1 0.549068188535569
3070 1 0.5568485748673183
3071 1 0.43857835351060354
3072 1 0.4596308066872561
3073 1 0.2570486540013606
3074 1 0.41414808645687157
3075 1 0.4833356386480043
3076 1 0.31021490936421175
3077 1 0.662887353736294
3078 1 0.5352394257973024
3079 1 0.4375089900387328
3080 1 0.45381598322001104
3081 1 0.5877105571165465
3082 1 0.45023937451945134
3083 1 0.5415885378781479
3084 1 0.31929777974186896
3085 1 0.5369228707620655
3086 1 0.5854400380939784
3087 1 0.5775062874592665
3088 1 0.2896829019029345
3089 1 0.41075083167498266
3090 1 0.3652752431136258
3091 1 0.3621305944615156
3092 1 0.34679587116205224
3093 1 0.47521138938842356
3094 1 0.5656857885751423
3095 1 0.7845734565242041
3096 1 0.5185081378291054
3097 1 0.5108142434031061
3098 1 0.5018176705193773
3099 1 0.4799025593973229
3100 1 0.29177188826322387
3101 1 0.51029804119027
3102 1 0.735232218526759
3103 1 0.5586525626494222
3104 1 0.4684599882193702
3105 1 0.26438510385085545
3106 1 0.5259798655807988
3107 1 0.44669669498042613
3108 1 0.5631936384121158
3109 1 0.4251035045972029
3110 1 0.42283553317376704
3111 1 0.60292307275678
3112 1 0.44769923486604074
3113 1 0.365134919656124
3114 1 0.2877237418711289
3115 1 0.4503377163942551
3116 1 0.51378571577324
3117 1 0.47079507914548646
3118 1 0.5332380423466958
3119 1 0.3944016611125099
3120 1 0.6526084243928791
3121 1 0.5416122763658179
3122 1 0.8103470224582785
3123 1 0.5080612960216471
3124 1 0.3123881653450509
3125 1 0.7755109586195565
3126 1 0.49015886846770984
3127 1 0.5082276717725627
3128 1 0.5779770813383835
3129 1 0.5057457131154057
3130 1 0.36538448730385453
3131 1 0.5188298447426666
3132 1 0.3418615280180715
3133 1 0.36363976073775395
3134 1 0.48424408154802917
3135 1 0.3830972632139539
3136 1 0.6695050974714407
3137 1 0.5168728165848574
3138 1 0.32486886930270176
3139 1 0.4546045954989253
3140 1 0.44141698797169865
3141 1 0.6508359130217406
3142 1 0.47741825337688965
3143 1 0.41506747188589355
3144 1 0.3622627739773102
3145 1 0.5618482914129412
3146 1 0.47092035080158273
3147 1 0.44911489876288796
3148 1 0.517366564370984
3149 1 0.49213259635137985
3150 1 0.6459255194173501
3151 1 0.572356715452856
3152 1 0.6455418225889109
3153 1 0.5344219526536255
3154 1 0.403803889099107
3155 1 0.53953574955687
3156 1 0.23733526174921088
3157 1 0.6194198590227362
3158 1 0.4331493290709512
3159 1 0.4690530208192349
3160 1 0.46729910919590967
3161 1 0.34825793541984457
3162 1 0.5185878904948252
3163 1 0.624655529119224
3164 1 0.5596213680626587
3165 1 0.47511353118582605
3166 1 0.6880602980760927
3167 1 0.37556108669544375
3168 1 0.48519443225964715
3169 1 0.5621719626901702
3170 1 0.3735187833004448
3171 1 0.39249301154606275
3172 1 0.4743135975383312
3173 1 0.6397410849653339
3174 1 0.6748622671909528
3175 1 0.4790141575550058
3176 1 0.3311417137091944
3177 1 0.44253405777493837
3178 1 0.43848798501649383
3179 1 0.35710717991912977
3180 1 0.5537417574799205
3181 1 0.4246428542450037
3182 1 0.5208785734344977
3183 1 0.42679619729689605
3184 1 0.556116935236147
3185 1 0.389200847863067
3186 1 0.4377487364227931
3187 1 0.29978670862747875
3188 1 0.5035210547599103
3189 1 0.4687982123723746
3190 1 0.4260438180012008
3191 1 0.3113538780921947
3192 1 0.7361804013108332
3193 1 0.2747724528676015
3194 1 0.39781035263433145
3195 1 0.4948210003947936
3196 1 0.6288569610511469
3197 1 0.3153828093301542
3198 1 0.511813680742292
3199 1 0.4313414500017335
3200 1 0.41903286956247254
3201 1 0.3263518590394552
3202 1 0.44970473951446016
3203 1 0.3719659617249
3204 1 0.4656880741759185
3205 1 0.4259427782117051
3206 1 0.47860332738139816
3207 1 0.40057400930606896
3208 1 0.4522588493628518
3209 1 0.5799800394970106
3210 1 0.35391596256374125
3211 1 0.30406309560729106
3212 1 0.5127421805081186
3213 1 0.6319666360981855
3214 1 0.5135711059224872
3215 1 0.5264159335149821
3216 1 0.707901856529532
3217 1 0.4030432826612102
3218 1 0.6924686923466767
3219 1 0.32827277929212173
3220 1 0.3448996656161876
3221 1 0.5945692342294709
3222 1 0.5884780941556101
3223 1 0.5279232735403726
3224 1 0.4694530302139019
3225 1 0.5347124169496098
3226 1 0.4506517940998331
3227 1 0.3457512262796732
3228 1 0.43952488421019803
3229 1 0.49390766502837496
3230 1 0.1653556865098485
3231 1 0.46554405356578926
3232 1 0.5785703108460847
3233 1 0.5152973164959387
3234 1 0.34550712074438683
3235 1 0.36064560153419684
3236 1 0.5932283345740463
3237 1 0.38584452911099903
3238 1 0.5271529576048027
3239 1 0.4344322842968607
3240 1 0.8581143042906422
3241 1 0.5129021240288275
3242 1 0.32750421583629474
3243 1 0.42939460835776416
3244 1 0.4064665767017688
3245 1 0.507853546606311
3246 1 0.7043332600365635
3247 1 0.5634006456790436
3248 1 0.2905693978992645
3249 1 0.45946356676054084
3250 1 0.4620740088902051
3251 1 0.5773953143627683
3252 1 0.5743174671101159
3253 1 0.4386218121794087
3254 1 0.5432064300055361
3255 1 0.659711889007807
3256 1 0.3471385920244333
3257 1 0.3942308249831003
3258 1 0.7765194043535844
3259 1 0.6207102787196503
3260 1 0.38369557322116565
3261 1 0.21884412053306287
3262 1 0.6046917510811507
3263 1 0.4524695562784218
3264 1 0.38732759899756186
3265 1 0.4391679405006685
3266 1 0.42565269441931425
3267 1 0.47408690392513575
3268 1 0.4018068695144209
3269 1 0.5026779358959012
3270 1 0.6336670739318839
3271 1 0.46031711979852763
3272 1 0.614188713923793
3273 1 0.5023126355287343
3274 1 0.531706548108499
3275 1 0.2901853646634936
3276 1 0.5112683827619643
3277 1 0.4115038738012817
3278 1 0.2656652627081549
3279 1 0.4579608010983211
3280 1 0.6202867418892336
3281 1 0.2902973713874648
3282 1 0.6447013284231586
3283 1 0.46778478015539454
3284 1 0.3161955062107944
3285 1 0.5762442066826817
3286 1 0.6135577979202396
3287 1 0.43462488428887786
3288 1 0.4915545365124512
3289 1 0.4644622000357294
3290 1 0.6611768098159003
3291 1 0.44088544913443156
3292 1 0.3131360717821781
3293 1 0.6672841426472771
3294 1 0.506390991188268
3295 1 0.37194766565889054
3296 1 0.3185057609573872
3297 1 0.5259807167218545
3298 1 0.5726516304206102
3299 1 0.40864661601890007
3300 1 0.3793329675105594
3301 1 0.44475917095980205
3302 1 0.4034096762828709
3303 1 0.49642422871241426
3304 1 0.6985708306938658
3305 1 0.6565759847276371
3306 1 0.605292508292232
3307 1 0.3811571092257083
3308 1 0.5763685198690848
3309 1 0.4348616304631173
3310 1 0.6826934149762179
3311 1 0.5422415153247434
3312 1 0.507905599331497
3313 1 0.6167492573890662
3314 1 0.38414957002984385
3315 1 0.5115764472904917
3316 1 0.30923797498535704
3317 1 0.714840256633333
3318 1 0.555037850618534
3319 1 0.6015635703028572
3320 1 0.4496880139964463
3321 1 0.40922893738714156
3322 1 0.5192370260199336
3323 1 0.46076330130745047
3324 1 0.6358105069729122
3325 1 0.7667174820248585
3326 1 0.6756659312712725
3327 1 0.44586381227321836
3328 1 0.5099699749856021
3329 1 0.45431996660826923
3330 1 0.3405970549499435
3331 1 0.4414667890141766
3332 1 0.486882743066646
3333 1 0.5989997531754725
3334 1 0.44876010329011873
3335 1 0.42641316745908536
3336 1 0.5537076641360774
3337 1 0.39681281476242825
3338 1 0.5018980288846949
3339 1 0.567995528588011
3340 1 0.49230302507570284
3341 1 0.29171167828425154
3342 1 0.34469748092723856
3343 1 0.49718279840221297
3344 1 0.4591201647634473
3345 1 0.502195984553177
3346 1 0.441305864559641
3347 1 0.4159662687979559
3348 1 0.46475705953648716
3349 1 0.37751186677347365
3350 1 0.4839934267471744
3351 1 0.6098759411491874
3352 1 0.5782345300142595
3353 1 0.4360753026961621
3354 1 0.5343078623119447
3355 1 0.3224922568926203
3356 1 0.499119490972565
3357 1 0.45298872874890084
3358 1 0.6990553526545257
3359 1 0.30009701679599965
3360 1 0.5091638667520977
3361 1 0.5169630220059984
3362 1 0.7685824940414376
3363 1 0.3361424372581321
3364 1 0.42409876183983686
3365 1 0.4034536541227599
3366 1 0.5737777183254161
3367 1 0.4576317891813694
3368 1 0.45858994299000355
3369 1 0.4496203564639032
3370 1 0.32795105241044203
3371 1 0.5676921809728348
3372 1 0.31554728228576745
3373 1 0.4155744943108698
3374 1 0.41615004731890826
3375 1 0.4314928047354263
3376 1 0.23743996513380117
3377 1 0.47250971486618487
3378 1 0.37038760175766056
3379 1 0.4047284726176716
3380 1 0.4477529793346087
3381 1 0.4978439846869012
3382 1 0.484356794089526
3383 1 0.5232910211294356
3384 1 0.5789058872820286
3385 1 0.40604798503139233
3386 1 0.49508070602274235
3387 1 0.4081561527109494
3388 1 0.48578519071267046
3389 1 0.509171003967825
3390 1 0.45633054537749496
3391 1 0.4712868021089192
3392 1 0.3915037002616909
3393 1 0.5454068110114941
3394 1 0.2764428658616231
3395 1 0.4541683545077143
3396 1 0.605347888482516
3397 1 0.6495879616304158
3398 1 0.19694202612832587
3399 1 0.334524830785774
3400 1 0.6095986494327797
3401 1 0.3476002097210451
3402 1 0.32712574344422124
3403 1 0.3576113208336569
3404 1 0.3232231446686589
3405 1 0.4350575473815034
3406 1 0.4399130436358111
3407 1 0.31179041527716506
3408 1 0.49576034201701935
3409 1 0.292129870314921
3410 1 0.5928768355048571
3411 1 0.3951811759720534
3412 1 0.3953934318034903
3413 1 0.3886292086062758
3414 1 0.46343632241149185
3415 1 0.4996592730374623
3416 1 0.3826249123762554
3417 1 0.4109166865908045
3418 1 0.35951723643186456
3419 1 0.6260612325302407
3420 1 0.3901019644049077
3421 1 0.38994143792606933
3422 1 0.35280706998240635
3423 1 0.24643671051988789
3424 1 0.5815359941258319
3425 1 0.26871591476993845
3426 1 0.5653555755203891
3427 1 0.4922701456270701
3428 1 0.3670538184141165
3429 1 0.5178185932106393
3430 1 0.7310016586564868
3431 1 0.4532879501742346
3432 1 0.5468973567397958
3433 1 0.7315236058634474
3434 1 0.5319128160003683
3435 1 0.2532422294503933
3436 1 0.6347928781230046
3437 1 0.5996131357842135
3438 1 0.5505907781022064
3439 1 0.572221328835345
3440 1 0.40213428120853434
3441 1 0.3686462364915257
3442 1 0.41307579571428
3443 1 0.31099684868615624
3444 1 0.4965540858250808
3445 1 0.286385886799122
3446 1 0.5092009037294255
3447 1 0.6106206856902001
3448 1 0.33985520606346403
3449 1 0.552573905977711
3450 1 0.6240303520084252
3451 1 0.5905149698277026
3452 1 0.6286131012346535
3453 1 0.5011800152757937
3454 1 0.44329302460842934
3455 1 0.5514906183484662
3456 1 0.4523673428072879
3457 1 0.5625028188847436
3458 1 0.3740913011544549
3459 1 0.5003700135364956
3460 1 0.32811493658389124
3461 1 0.4478911387472564
3462 1 0.5269421028696883
3463 1 0.5670267753137509
3464 1 0.4354115552229275
3465 1 0.654774526795227
3466 1 0.546356421516049
3467 1 0.3195980342400057
3468 1 0.4436199676064255
3469 1 0.7513026588362793
3470 1 0.5891445495275961
3471 1 0.46774640226343506
3472 1 0.5018825358433351
3473 1 0.5793717623479286
3474 1 0.3913021775713408
3475 1 0.3002397713719419
3476 1 0.38282956146384267
3477 1 0.5594060321489265
3478 1 0.3638549083410342
3479 1 0.46493174063806875
3480 1 0.3580326384295583
3481 1 0.3828117693154931
3482 1 0.5332142195491917
3483 1 0.5696695574755105
3484 1 0.4023637714676746
3485 1 0.5147690954170454
3486 1 0.45444181123600935
3487 1 0.4471055485876266
3488 1 0.5221160582036523
3489 1 0.6784804165115914
3490 1 0.5906931278779366
3491 1 0.4012631076925511
3492 1 0.48300897908635837
3493 1 0.4684759441328127
3494 1 0.6126814582082365
3495 1 0.4694513642626729
3496 1 0.5324237374778378
3497 1 0.46976759159168613
3498 1 0.5886505368865627
3499 1 0.45112074009597397
3500 1 0.4042397335012956
3501 1 0.658784947587237
3502 1 0.6114891712755508
3503 1 0.5369319781654958
3504 1 0.5680619342304513
3505 1 0.745233472044818
3506 1 0.37369301484202266
3507 1 0.5578252649140549
3508 1 0.5202912342444508
3509 1 0.49658821439046646
3510 1 0.5063006437716169
3511 1 0.4117835708439767
3512 1 0.35610982924833845
3513 1 0.45826755410972486
3514 1 0.752264101560449
3515 1 0.43181709446966243
3516 1 0.558154360586171
3517 1 0.3813992553893562
3518 1 0.5993979546234005
3519 1 0.4549632561893201
3520 1 0.5060439696923418
3521 1 0.5564236973996051
3522 1 0.3525183448540858
3523 1 0.3588502019844392
3524 1 0.4501144364973368
3525 1 0.4142417993335131
3526 1 0.4075073117155904
3527 1 0.2553608129998191
3528 1 0.9253288948746565
3529 1 0.4829864262057308
3530 1 0.5809071750520672
3531 1 0.46486773422054617
3532 1 0.2595607337334326
3533 1 0.6016203113758914
3534 1 0.5056657047468337
3535 1 0.3569884020616058
3536 1 0.7737065528936367
3537 1 0.44976555685704017
3538 1 0.5173768412960276
3539 1 0.6178506239310307
3540 1 0.36580715468910685
3541 1 0.5337367250314684
3542 1 0.5481514444449029
3543 1 0.4737574479948799
3544 1 0.6412440633434837
3545 1 0.5334047841797858
3546 1 0.3420393039007023
3547 1 0.4772008613016108
3548 1 0.36318413181271464
3549 1 0.38481528048007163
3550 1 0.5104160222643944
3551 1 0.5759029953546004
3552 1 0.5895619963591724
3553 1 0.4422321093147397
3554 1 0.4222152934576292
3555 1 0.6007121333307731
3556 1 0.4244872540674268
3557 1 0.37768803771857123
3558 1 0.5451498202156712
3559 1 0.4914580358645841
3560 1 0.36665848488722347
3561 1 0.4488771356012744
3562 1 0.6930143483664646
3563 1 0.44920520541129694
3564 1 0.42746030003624097
3565 1 0.30561443565936924
3566 1 0.5623612598999028
3567 1 0.4606996862095856
3568 1 0.577070398128811
3569 1 0.6698023783839149
3570 1 0.5040943336211072
3571 1 0.519897333707403
3572 1 0.3720204003629246
3573 1 0.5513019706572583
3574 1 0.3263464307618786
3575 1 0.42723470744291886
3576 1 0.38342323470751266
3577 1 0.40390925475963113
3578 1 0.45908821799235455
3579 1 0.6534658648352897
3580 1 0.5624437504165518
3581 1 0.6690714295941803
3582 1 0.6517705174851615
3583 1 0.5523774662828866
3584 1 0.49055835785928814
3585 1 0.5247436229950226
3586 1 0.5537749367276672
3587 1 0.5911229211081821
3588 1 0.4086212093613214
3589 1 0.5861089758913762
3590 1 0.6708346244513135
3591 1 0.4700398560568993
3592 1 0.5282435954430403
3593 1 0.36108275162947445
3594 1 0.4650988521586879
3595 1 0.3969540134891291
3596 1 0.4805849532106476
3597 1 0.5074302801775005
3598 1 0.43833180604081246
3599 1 0.3710398711680505
3600 1 0.45427175802325015
3601 1 0.4087806140201629
3602 1 0.5486759342589663
3603 1 0.6412932736624526
3604 1 0.4149102376506107
3605 1 0.4844837677503986
3606 1 0.4443125124347124
3607 1 0.4576366919091575
3608 1 0.5599141184308887
3609 1 0.4432572999802301
3610 1 0.6371683126914232
3611 1 0.5596120185457905
3612 1 0.4687033047366365
3613 1 0.6545161118842782
3614 1 0.35225014556501927
3615 1 0.5449467350200399
3616 1 0.5724990978452547
3617 1 0.5716014454946573
3618 1 0.40766798684597855
3619 1 0.4566932862201253
3620 1 0.4421268487641733
3621 1 0.3587743159230198
3622 1 0.5039879393251399
3623 1 0.48272951167702743
3624 1 0.4151977205955529
3625 1 0.45355183496300705
3626 1 0.6085035539893981
3627 1 0.3098695613075588
3628 1 0.6164798417087743
3629 1 0.6715253377593878
3630 1 0.617737623238489
3631 1 0.517501033564379
3632 1 0.5929108800377435
3633 1 0.5646342868627012
3634 1 0.6420327527215225
3635 1 0.4001214981808823
3636 1 0.3861793866946733
3637 1 0.5177312690226125
3638 1 0.30266651929048816
3639 1 0.7430330879881752
3640 1 0.592481750192772
3641 1 0.5182731962735851
3642 1 0.4614173428883667
3643 1 0.3818636242489762
3644 1 0.5058274631476563
3645 1 0.5575929064565447
3646 1 0.5871565419431066
3647 1 0.5277559792560012
3648 1 0.5697437340441089
3649 1 0.5103407186064346
3650 1 0.5467759980029417
3651 1 0.6475852073129995
3652 1 0.679067209629061
3653 1 0.4434127323701436
3654 1 0.387048345136166
3655 1 0.36435972650758414
3656 1 0.2958597043736181
3657 1 0.5240594012668405
3658 1 0.4520747302745433
3659 1 0.47454536554966764
3660 1 0.6353619301217613
3661 1 0.5871713305536156
3662 1 0.44537393247806695
3663 1 0.3151878356280375
3664 1 0.5577789139187365
3665 1 0.6487424443734937
3666 1 0.37641508152805464
3667 1 0.5248468520668558
3668 1 0.3423422776683245
3669 1 0.5653043326133467
3670 1 0.4753305355468018
3671 1 0.4668834398042245
3672 1 0.4239116672245209
3673 1 0.5028277211909383
3674 1 0.3526311062065393
3675 1 0.32754001229425406
3676 1 0.49489025121680064
3677 1 0.6110376959965167
3678 1 0.45746641405506405
3679 1 0.45799928548691315
3680 1 0.2011049650742726
3681 1 0.5004087303318014
3682 1 0.4564987102163708
3683 1 0.37555304675435425
3684 1 0.3199550364672161
3685 1 0.6708344339221816
3686 1 0.4502797558793109
3687 1 0.36790398879734404
3688 1 0.5262691781046084
3689 1 0.6128006642709707
3690 1 0.7094861334385837
3691 1 0.3225112546161307
3692 1 0.6082900152063405
3693 1 0.351311759361802
3694 1 0.49221966733256933
3695 1 0.4404853493285609
3696 1 0.5335172185542971
3697 1 0.4765277202152462
3698 1 0.3041972347720591
3699 1 0.4161123655377503
3700 1 0.3068980367984486
3701 1 0.37408725095439715
3702 1 0.3782111547244803
3703 1 0.5421842154217233
3704 1 0.39762456288009945
3705 1 0.5825937245046038
3706 1 0.5081792823651362
3707 1 0.5940352939486063
3708 1 0.4516146770245575
3709 1 0.5003547820220225
3710 1 0.3126399444619173
3711 1 0.46606762179571193
3712 1 0.5116814432634864
3713 1 0.4861476520016403
3714 1 0.45245311918878767
3715 1 0.3485686595908363
3716 1 0.5900403445658277
3717 1 0.6516177511164172
3718 1 0.41091566211538594
3719 1 0.5393977917667532
3720 1 0.3365786030915634
3721 1 0.557018232045725
3722 1 0.777791326361958
3723 1 0.5598720483783316
3724 1 0.5723725008052856
3725 1 0.5594843770622844
3726 1 0.3960415373064804
3727 1 0.51020287064097
3728 1 0.41822666953108945
3729 1 0.37619600852545804
3730 1 0.24991205811763736
3731 1 0.4819224452511648
3732 1 0.644323148342155
3733 1 0.47735674935289757
3734 1 0.5670743856872166
3735 1 0.4647985236121113
3736 1 0.5012430843010816
3737 1 0.39080127066002324
3738 1 0.3240269745952973
3739 1 0.49734270420536464
3740 1 0.6228533892200963
3741 1 0.36910484732227716
3742 1 0.3754093575595271
3743 1 0.4350238151278052
3744 1 0.3124073669097722
3745 1 0.40300073032312195
3746 1 0.3447707750159287
3747 1 0.47878302741412476
3748 1 0.6671408639082212
3749 1 0.3051380845419096
3750 1 0.32428178137814756
3751 1 0.43968918438611826
3752 1 0.46060439973426387
3753 1 0.5923384356775035
3754 1 0.4694332468003911
3755 1 0.2903861668375641
3756 1 0.4033740589833091
3757 1 0.5196317577299185
3758 1 0.5812736931971342
3759 1 0.5062122027556227
3760 1 0.4280700451193755
3761 1 0.5911849592793469
3762 1 0.4791075021307929
3763 1 0.43628078878072096
3764 1 0.5645970945777842
3765 1 0.46451978143375494
3766 1 0.5360398403436539
3767 1 0.6063106696253023
3768 1 0.4472259444174277
3769 1 0.5525294730311189
3770 1 0.4276671395155054
3771 1 0.44246587053258224
3772 1 0.39969880999550644
3773 1 0.4576573586345817
3774 1 0.4103687145465932
3775 1 0.44099404436080564
3776 1 0.5259064192352045
3777 1 0.5223314931259724
3778 1 0.5670498470881273
3779 1 0.5298078418331137
3780 1 0.36360811376577534
3781 1 0.47094520112519006
3782 1 0.2894299418937205
3783 1 0.3962087531050524
3784 1 0.6659185288397204
3785 1 0.6707657960104819
3786 1 0.4462211539584451
3787 1 0.3889835351055927
3788 1 0.4862940665673226
3789 1 0.31741466274308183
3790 1 0.35389830603219713
3791 1 0.3403094483136
3792 1 0.4144437782399064
3793 1 0.5238402644771983
3794 1 0.22097989441393023
3795 1 0.4728546557950862
3796 1 0.38253935758540514
3797 1 0.508915161061487
3798 1 0.34236603945213284
3799 1 0.36187203838706167
3800 1 0.4648826273863429
3801 1 0.5283291355351366
3802 1 0.5150296513540448
3803 1 0.3986888536178388
3804 1 0.8312792301206894
3805 1 0.34779988619242896
3806 1 0.4284389774654492
3807 1 0.584348365796263
3808 1 0.47350364738333944
3809 1 0.4082442331914686
3810 1 0.5786755996848189
3811 1 0.5067409308028608
3812 1 0.5633512370655633
3813 1 0.40509898022643537
3814 1 0.5989092293737737
3815 1 0.3695420625912752
3816 1 0.5736000489394179
3817 1 0.1871592559986945
3818 1 0.6218706868283135
3819 1 0.45236278563888555
3820 1 0.5087185580163588
3821 1 0.3653467203808575
3822 1 0.48977237360665066
3823 1 0.48479357089191966
3824 1 0.3012839248167353
3825 1 0.38791563457574507
3826 1 0.5017950141928019
3827 1 0.41050213541376124
3828 1 0.32791205883482555
3829 1 0.3338372158641034
3830 1 0.5179495837913719
3831 1 0.2704116589864239
3832 1 0.6312942318908644
3833 1 0.5407514710180868
3834 1 0.27311703066128984
3835 1 0.5083385081429153
3836 1 0.627077071182848
3837 1 0.3424655208963721
3838 1 0.5269243686843497
3839 1 0.21265835348646436
3840 1 0.5837090942444121
3841 1 0.37265113249338594
3842 1 0.40211227273647376
3843 1 0.5469540537165681
3844 1 0.30553229513946595
3845 1 0.47927343220439456
3846 1 0.28490004522676243
3847 1 0.651349330514036
3848 1 0.5309751081585138
3849 1 0.4577619768773329
3850 1 0.3681194048608855
3851 1 0.48388911828759656
3852 1 0.4968674621504927
3853 1 0.37637137686312166
3854 1 0.5096844325535197
3855 1 0.40507365982003574
3856 1 0.39208836400117913
3857 1 0.3895915571064924
3858 1 0.4464491072271226
3859 1 0.41047231857532
3860 1 0.7102648717601813
3861 1 0.5949909414810202
3862 1 0.5322761306490736
3863 1 0.48887859562573344
3864 1 0.5654899562439254
3865 1 0.765384951507145
3866 1 0.34081499448447417
3867 1 0.562773202186783
3868 1 0.6275232770972492
3869 1 0.3682122258282292
3870 1 0.3502128824559589
3871 1 0.5209049912554157
3872 1 0.3549018789906147
3873 1 0.4276357607264531
3874 1 0.4033803475539956
3875 1 0.41114591615506296
3876 1 0.4482366881491053
3877 1 0.48604038881517847
3878 1 0.4307191990523158
3879 1 0.7487363376513541
3880 1 0.7936492077129075
3881 1 0.2831759238177204
3882 1 0.553934940430067
3883 1 0.39525192939498555
3884 1 0.4604164958554743
3885 1 0.4128631946007921
3886 1 0.5478883672555942
3887 1 0.6662339427452353
3888 1 0.330448358230759
3889 1 0.38870996106460093
3890 1 0.6361744716948121
3891 1 0.3936942766440775
3892 1 0.7422599887187394
3893 1 0.6075579290658505
3894 1 0.4741734435325024
3895 1 0.6086344613696365
3896 1 0.39681652356312463
3897 1 0.516163983595821
3898 1 0.46174015692317066
3899 1 0.3623377464973033
3900 1 0.5096454880661948
3901 1 0.5895504769734153
3902 1 0.4713314111632242
3903 1 0.38727788531560287
3904 1 0.4165935597559773
3905 1 0.7397370907037418
3906 1 0.37564493116146824
3907 1 0.40159512619802834
3908 1 0.4400712288527428
3909 1 0.3881067988045673
3910 1 0.5178344445687943
3911 1 0.35190983557562505
3912 1 0.424333791865216
3913 1 0.488303615591765
3914 1 0.4284587955458325
3915 1 0.616548380334551
3916 1 0.6085771331784481
3917 1 0.5713053859654381
3918 1 0.5329319857234284
3919 1 0.3015758567694373
3920 1 0.6108595354502679
3921 1 0.46485842713593
3922 1 0.4352543747906309
3923 1 0.5160759527582633
3924 1 0.4023102042161593
3925 1 0.3604713882967277
3926 1 0.3331177603906376
3927 1 0.5604031767598272
3928 1 0.48867522588441203
3929 1 0.573674276814988
3930 1 0.5974794599424746
3931 1 0.5467616173521893
3932 1 0.39603528368000135
3933 1 0.5209021255530605
3934 1 0.4856391866027596
3935 1 0.41366194375058474
3936 1 0.43949491788820216
3937 1 0.473849316871235
3938 1 0.8419972669896755
3939 1 0.6671184904633262
3940 1 0.3905737561352851
3941 1 0.5058968809253215
3942 1 0.5368698695512458
3943 1 0.493033045625257
3944 1 0.5643961820243916
3945 1 0.4005170452557104
3946 1 0.5643711264728983
3947 1 0.3781824059030497
3948 1 0.44399622270532857
3949 1 0.3595900582190826
3950 1 0.4259937379597323
3951 1 0.43682638045879313
3952 1 0.4891480517969323
3953 1 0.43578074604520317
3954 1 0.5873525071177792
3955 1 0.33187246226307276
3956 1 0.35971490999001815
3957 1 0.331724234481287
3958 1 0.5528829819469129
3959 1 0.3938363653387314
3960 1 0.6854691842532359
3961 1 0.6369793075154252
3962 1 0.457348124307106
3963 1 0.3505023439086531
3964 1 0.41247967859476026
3965 1 0.5774271407704795
3966 1 0.4906290807753725
3967 1 0.4044045905658571
3968 1 0.6501406697240919
3969 1 0.526301256332482
3970 1 0.5183089641660414
3971 1 0.4176996293445439
3972 1 0.4624575820272431
3973 1 0.7487610210193031
3974 1 0.5206391504230248
3975 1 0.4894493096930292
3976 1 0.5604522314938722
3977 1 0.3677936860194941
3978 1 0.5563946587631194
3979 1 0.4152705138172678
3980 1 0.5843830124233926
3981 1 0.4533476786996805
3982 1 0.6492120257440754
3983 1 0.6024040658552843
3984 1 0.4131256311462955
3985 1 0.42224866628519253
3986 1 0.6207042186729878
3987 1 0.3887737347980747
3988 1 0.5058422600782145
3989 1 0.5288234726580973
3990 1 0.26956254164411797
3991 1 0.5319716806273495
3992 1 0.30040526880297375
3993 1 0.5161799808321759
3994 1 0.543235765667786
3995 1 0.3672881026857326
3996 1 0.2852459532227413
3997 1 0.4666326585386186
3998 1 0.4168445135239411
3999 1 0.319773722622237
4000 1 0.4311147916100808
