8001 1 0.40842151766888546
8002 1 0.5016210999484894
8003 1 0.4645372716334899
8004 1 0.3009135835444973
8005 1 0.4835893900233914
8006 1 0.7241790787495135
8007 1 0.447771977819957
8008 1 0.4659138552055472
8009 1 0.6399688924162045
8010 1 0.3455982793352778
8011 1 0.4577282233221508
8012 1 0.5003864105729843
8013 1 0.5092210443134115
8014 1 0.24062206568356648
8015 1 0.5443885073890641
8016 1 0.7158107332071898
8017 1 0.47198823409616053
8018 1 0.6090800252374471
8019 1 0.5147785492267849
8020 1 0.46075964495238336
8021 1 0.5823554215827574
8022 1 0.32637259657037343
8023 1 0.38734158052950307
8024 1 0.48843587786589476
8025 1 0.5291769403631298
8026 1 0.3194329481859726
8027 1 0.6892738636317374
8028 1 0.45218425706928284
8029 1 0.4518435842167777
8030 1 0.6235093505520377
8031 1 0.35966390742017496
8032 1 0.5254086042083937
8033 1 0.5573274286506034
8034 1 0.5689415415951977
8035 1 0.537018617813737
8036 1 0.22922930286310483
8037 1 0.5410461830206375
8038 1 0.35305103989758946
8039 1 0.5043169344823616
8040 1 0.2580485752801693
8041 1 0.3869172895259081
8042 1 0.35109375708008084
8043 1 0.4568250963845782
8044 1 0.5311843173923025
8045 1 0.36388859109116195
8046 1 0.6111073944389519
8047 1 0.5721127407623667
8048 1 0.8605193857255615
8049 1 0.6137143082460448
8050 1 0.38079291654285635
8051 1 0.42928483330092526
8052 1 0.4054431545886785
8053 1 0.5736228582988475
8054 1 0.5806621648147381
8055 1 0.5129519821150348
8056 1 0.43668666351896196
8057 1 0.3931531915961924
8058 1 0.3662727070522288
8059 1 0.5947842393440149
8060 1 0.3505796853076332
8061 1 0.5390951484679068
8062 1 0.4535480615741695
8063 1 0.7964076019395531
8064 1 0.3224266324733133
8065 1 0.1824971059058986
8066 1 0.5928341832471441
8067 1 0.48564495032616
8068 1 0.5394217458832528
8069 1 0.5280986874357926
8070 1 0.6461914210569749
8071 1 0.4694170468514565
8072 1 0.34815330072562106
8073 1 0.5809749635970134
8074 1 0.5628143871403108
8075 1 0.5626447667457763
8076 1 0.4602280478472595
8077 1 0.46901536923009285
8078 1 0.5787615608800691
8079 1 0.38497244910556216
8080 1 0.24342359233800212
8081 1 0.3684844800506675
8082 1 0.3807003280861155
8083 1 0.36201074682930934
8084 1 0.4556174774893942
8085 1 0.5296411634638098
8086 1 0.3238832589278425
8087 1 0.4129817304419474
8088 1 0.5173274893758925
8089 1 0.4424097199214382
8090 1 0.37727210469089195
8091 1 0.5304915275826712
8092 1 0.6272631192540047
8093 1 0.4797865131971412
8094 1 0.2568986254016251
8095 1 0.6185927921158005
8096 1 0.7447591591748497
8097 1 0.3720854171238088
8098 1 0.5298919499055992
8099 1 0.17568401893841987
8100 1 0.8034568588908805
8101 1 0.4816916718448271
8102 1 0.4768825310436742
8103 1 0.5271768829508959
8104 1 0.5873638266365605
8105 1 0.4353808694720709
8106 1 0.4723735838218576
8107 1 0.3164397964179779
8108 1 0.30203764681697565
8109 1 0.2769732297038999
8110 1 0.34981887179939414
8111 1 0.4234150965125979
8112 1 0.3475095230070085
8113 1 0.3465968198157651
8114 1 0.5229729153790904
8115 1 0.4104345606079462
8116 1 0.7713373801916222
8117 1 0.5120123644480981
8118 1 0.22977802901540778
8119 1 0.525166366783313
8120 1 0.6593821808952671
8121 1 0.33779762282446557
8122 1 0.4324227670381963
8123 1 0.5355677917894773
8124 1 0.801605678543047
8125 1 0.5485322202031085
8126 1 0.5210020232271312
8127 1 0.5938825254372083
8128 1 0.480974349819765
8129 1 0.4827957231346527
8130 1 0.40449677271871126
8131 1 0.5922899540508219
8132 1 0.2583655565839536
8133 1 0.5035608534528049
8134 1 0.30449483634224056
8135 1 0.7315596015111842
8136 1 0.5347303050249199
8137 1 0.4836647425389406
8138 1 0.48150294797448334
8139 1 0.30346726301297683
8140 1 0.4370320554455611
8141 1 0.41986902254757824
8142 1 0.421255163511983
8143 1 0.6111892610308145
8144 1 0.4470351363418922
8145 1 0.3173217962877734
8146 1 0.37277760824788664
8147 1 0.5128331315128684
8148 1 0.5095956721478694
8149 1 0.4152575740112448
8150 1 0.3319606223077228
8151 1 0.3861761467171321
8152 1 0.45868507890735716
8153 1 0.6264188183586089
8154 1 0.449640008987385
8155 1 0.4571190514131794
8156 1 0.602864613787198
8157 1 0.5015707541075289
8158 1 0.5385128863555444
8159 1 0.44713110249126464
8160 1 0.41302823007553263
8161 1 0.58887525425077
8162 1 0.3140819694774157
8163 1 0.7019391425081567
8164 1 0.5047497177473483
8165 1 0.550422420213389
8166 1 0.35648725605205983
8167 1 0.4245664426958291
8168 1 0.48078355204741074
8169 1 0.32210495108856335
8170 1 0.3976607396399686
8171 1 0.40521072435314953
8172 1 0.3794407514647082
8173 1 0.36033727363872153
8174 1 0.5521117436903412
8175 1 0.3501720525957852
8176 1 0.47292482908775646
8177 1 0.5863619461992686
8178 1 0.46322198232722006
8179 1 0.4654528468862786
8180 1 0.4702830115517415
8181 1 0.37700883231668425
8182 1 0.6722232724796942
8183 1 0.24359573589255187
8184 1 0.43321591788323827
8185 1 0.4343843155594721
8186 1 0.4664464555063661
8187 1 0.3946523469342034
8188 1 0.5197579568610478
8189 1 0.5183617059769209
8190 1 0.7282833274935373
8191 1 0.4490797433562225
8192 1 0.45086513339174406
8193 1 0.47461613330680763
8194 1 0.2497725774919406
8195 1 0.3653531939083718
8196 1 0.47191305605114703
8197 1 0.5865281835894224
8198 1 0.3538460247460078
8199 1 0.41117526425499523
8200 1 0.4985621984773631
8201 1 0.472544007990828
8202 1 0.5331108219175686
8203 1 0.441482330863639
8204 1 0.3429297504617349
8205 1 0.4784209363737092
8206 1 0.431050408283935
8207 1 0.3859076970217112
8208 1 0.42932411302820106
8209 1 0.5981008743923905
8210 1 0.41859451813118104
8211 1 0.4577220838230191
8212 1 0.5599022666223988
8213 1 0.38149857686610206
8214 1 0.5851507667449266
8215 1 0.35680862822182396
8216 1 0.37744358013809226
8217 1 0.4547037738440039
8218 1 0.37354775464468565
8219 1 0.28760788069309307
8220 1 0.4078954762186045
8221 1 0.40627624346203933
8222 1 0.3176751279747509
8223 1 0.4098968606982566
8224 1 0.639765851351614
8225 1 0.40589850448459425
8226 1 0.4374627105838806
8227 1 0.4893743947222096
8228 1 0.4697321599220556
8229 1 0.40771855566157766
8230 1 0.5001799930547309
8231 1 0.4288942451227658
8232 1 0.7014524184287151
8233 1 0.4134384479749203
8234 1 0.3135190052139826
8235 1 0.42551193944119453
8236 1 0.3368573866352936
8237 1 0.3718503306445598
8238 1 0.5154343188983087
8239 1 0.5525345610723222
8240 1 0.6498777895779864
8241 1 0.4431189702754834
8242 1 0.43879303770293604
8243 1 0.6175648275491784
8244 1 0.4225795387434204
8245 1 0.46518308128733915
8246 1 0.30409466646685557
8247 1 0.5675603787284549
8248 1 0.7778972224449935
8249 1 0.2739059424567983
8250 1 0.5585339934337458
8251 1 0.3339930093856972
8252 1 0.6607794463762383
8253 1 0.37117103213782754
8254 1 0.4126139459859003
8255 1 0.3643224221547214
8256 1 0.4955679191818336
8257 1 0.3123948725856111
8258 1 0.40213461496261577
8259 1 0.45613073090975137
8260 1 0.7354520189967643
8261 1 0.4281220793385846
8262 1 0.3662359064224918
8263 1 0.3859348210676634
8264 1 0.6009693128499951
8265 1 0.43806466559170093
8266 1 0.4299888084288592
8267 1 0.551312936267219
8268 1 0.5608943370890492
8269 1 0.30687302457558147
8270 1 0.3263995021755771
8271 1 0.4503179623166651
8272 1 0.38405477434101387
8273 1 0.47479974304334854
8274 1 0.46921043857154554
8275 1 0.5194781751745042
8276 1 0.30118894217823283
8277 1 0.5859658551542466
8278 1 0.4111662899820078
8279 1 0.6646355025651552
8280 1 0.33749821919320017
8281 1 0.42653493103737666
8282 1 0.41946167055443323
8283 1 0.6505569242245011
8284 1 0.34270356455000855
8285 1 0.3792587449142874
8286 1 0.6421679001079349
8287 1 0.4292018902955822
8288 1 0.4709691637835924
8289 1 0.43174871234839773
8290 1 0.5020092642686671
8291 1 0.40154599073214836
8292 1 0.37987999588622284
8293 1 0.4650271015705305
8294 1 0.388275413055573
8295 1 0.455684281976774
8296 1 0.45567177466555303
8297 1 0.7168088145179218
8298 1 0.4573108671961325
8299 1 0.2965971212278834
8300 1 0.42699188197098753
8301 1 0.3910250979723563
8302 1 0.4759694108603374
8303 1 0.44254069396537754
8304 1 0.31612823350710717
8305 1 0.5346074901838266
8306 1 0.4877016837346995
8307 1 0.5099788700615058
8308 1 0.5140972225544447
8309 1 0.5180986480497644
8310 1 0.699452825471625
8311 1 0.5542048584299336
8312 1 0.44789296570925174
8313 1 0.3455317617350838
8314 1 0.47532599828165467
8315 1 0.6471748626593302
8316 1 0.5765966450236246
8317 1 0.2905699813057319
8318 1 0.5055894566804414
8319 1 0.47265422834474485
8320 1 0.45590940402287444
8321 1 0.3257176335070972
8322 1 0.43283283945101053
8323 1 0.38692336063132443
8324 1 0.35646156300192183
8325 1 0.5269121414100898
8326 1 0.44575834610709325
8327 1 0.43231598602220056
8328 1 0.37531980204038684
8329 1 0.48854096579144757
8330 1 0.35682686474896763
8331 1 0.4226664312518695
8332 1 0.40093835129581035
8333 1 0.35608888484307877
8334 1 0.37060948317221
8335 1 0.41127809696731216
8336 1 0.5986718441079106
8337 1 0.3547006653239402
8338 1 0.46821779448868944
8339 1 0.4032982270822156
8340 1 0.3839681524154481
8341 1 0.4281765452385727
8342 1 0.5941808560423868
8343 1 0.53657609210191
8344 1 0.6378729925010512
8345 1 0.6376514326221321
8346 1 0.34815388559799026
8347 1 0.5710141542872443
8348 1 0.4885387950126193
8349 1 0.3279901424577007
8350 1 0.6151416423141898
8351 1 0.527067932909081
8352 1 0.5414662564293612
8353 1 0.3596814370628811
8354 1 0.5512763953991591
8355 1 0.6701462138139161
8356 1 0.4010548959397411
8357 1 0.5717506099451442
8358 1 0.5301803678638898
8359 1 0.5267725347322267
8360 1 0.503068727811973
8361 1 0.4337529066907239
8362 1 0.5890419104255675
8363 1 0.3946208444778624
8364 1 0.4881733171474727
8365 1 0.41131996613943544
8366 1 0.5073267929277901
8367 1 0.3341350916419005
8368 1 0.2757301262143027
8369 1 0.67244247342787
8370 1 0.4819190796829684
8371 1 0.3867723385955531
8372 1 0.5206330191776211
8373 1 0.38702775337674084
8374 1 0.6249796847599562
8375 1 0.4376933300401085
8376 1 0.4667157978920071
8377 1 0.37719509999723205
8378 1 0.5230506639944476
8379 1 0.30699312363654846
8380 1 0.5020346190012324
8381 1 0.4712421750590807
8382 1 0.4788107375694145
8383 1 0.5410237080602213
8384 1 0.5468252252478807
8385 1 0.3365542320654473
8386 1 0.6764033055199032
8387 1 0.5137512667915851
8388 1 0.6079308102255833
8389 1 0.48348769095437005
8390 1 0.4452881844179391
8391 1 0.3293811948658807
8392 1 0.5592214251249789
8393 1 0.518551493594266
8394 1 0.4916281695415191
8395 1 0.5872821608762724
8396 1 0.6805990505564667
8397 1 0.5671707250754842
8398 1 0.4533488593622244
8399 1 0.5800186596560869
8400 1 0.4742023108121465
8401 1 0.5377192107413018
8402 1 0.6124413781899717
8403 1 0.3259912167116848
8404 1 0.6243220682340497
8405 1 0.3940680537960602
8406 1 0.4976838879140396
8407 1 0.49410503060980054
8408 1 0.5234211171234444
8409 1 0.6871898148092839
8410 1 0.6269152445525017
8411 1 0.3180672791120851
8412 1 0.2784125641473079
8413 1 0.3026260872450995
8414 1 0.40217452222760214
8415 1 0.533261718553878
8416 1 0.46508885861753557
8417 1 0.5081098769534086
8418 1 0.4468649633804417
8419 1 0.3880927601983819
8420 1 0.40170316062350064
8421 1 0.47715040949538295
8422 1 0.40304847295188867
8423 1 0.3153081983434004
8424 1 0.5129108276829386
8425 1 0.5264161334340789
8426 1 0.5724282916898215
8427 1 0.3955012319747157
8428 1 0.6216065004327888
8429 1 0.4350729262745294
8430 1 0.7281303556898877
8431 1 0.4388318736553031
8432 1 0.4321531895911717
8433 1 0.5236049410697869
8434 1 0.36805863125466143
8435 1 0.27875702678138464
8436 1 0.32395554836975904
8437 1 0.4362880206726558
8438 1 0.3715818362012754
8439 1 0.45785090523770555
8440 1 0.632924776421037
8441 1 0.57942428091628
8442 1 0.37543081994753436
8443 1 0.5126782218301686
8444 1 0.412635857558194
8445 1 0.34667958990587366
8446 1 0.6246726282686791
8447 1 0.5049926315703255
8448 1 0.40953394943611743
8449 1 0.570370952939566
8450 1 0.4784616576016731
8451 1 0.6462899249835588
8452 1 0.43730281406483457
8453 1 0.28347319098586055
8454 1 0.7181964333085261
8455 1 0.5218325778820208
8456 1 0.3910918499617272
8457 1 0.3763831842180223
8458 1 0.5338095047110767
8459 1 0.46945694432331697
8460 1 0.39560519817216233
8461 1 0.3986745230353044
8462 1 0.4698120592159489
8463 1 0.3923437676732643
8464 1 0.3986993011333251
8465 1 0.23621186425086532
8466 1 0.5237102385260571
8467 1 0.6720699453951432
8468 1 0.3939446555456355
8469 1 0.38609778514171883
8470 1 0.38759761176358454
8471 1 0.4537194478024338
8472 1 0.45642720634363937
8473 1 0.4329466188219646
8474 1 0.46958525613958063
8475 1 0.47520421622652254
8476 1 0.4768480156919378
8477 1 0.5121873337873892
8478 1 0.5394840420662247
8479 1 0.9361477224920212
8480 1 0.6434900717805923
8481 1 0.6066459111111612
8482 1 0.5590966768598513
8483 1 0.4299011241138857
8484 1 0.5700225836522518
8485 1 0.48269273622343883
8486 1 0.28767699306306416
8487 1 0.6107151082144741
8488 1 0.42461504277699097
8489 1 0.38840970752278714
8490 1 0.581872926183004
8491 1 0.32461107525611493
8492 1 0.43637362979392774
8493 1 0.400835215576532
8494 1 0.49995851493457405
8495 1 0.36293396811460066
8496 1 0.4362975614048266
8497 1 0.39971522110404123
8498 1 0.29353814929370015
8499 1 0.38374664405917963
8500 1 0.6365705466092475
8501 1 0.5448107183485267
8502 1 0.5877217416910041
8503 1 0.5359617751244565
8504 1 0.5215118607049893
8505 1 0.44915257642866285
8506 1 0.48829259236007266
8507 1 0.6944780030105594
8508 1 0.7492561482781487
8509 1 0.48081203004904105
8510 1 0.3884282182179155
8511 1 0.410029318433727
8512 1 0.5447060118935672
8513 1 0.33303849095701593
8514 1 0.6037267425345519
8515 1 0.46080191619625194
8516 1 0.6264098209274491
8517 1 0.48746475264175604
8518 1 0.6509100278225899
8519 1 0.5120721675490002
8520 1 0.5188538800166204
8521 1 0.5237590303705962
8522 1 0.5212505962906533
8523 1 0.6707823918295517
8524 1 0.6700499097028448
8525 1 0.5298088065431803
8526 1 0.37618499188429555
8527 1 0.2706847995731359
8528 1 0.4957114237347081
8529 1 0.4677498410110389
8530 1 0.6408357705528471
8531 1 0.2972568734197144
8532 1 0.7169333905927434
8533 1 0.3523845141577395
8534 1 0.44089034669469973
8535 1 0.6235096087979551
8536 1 0.4407482276648472
8537 1 0.4235008852975303
8538 1 0.3281133581052093
8539 1 0.3451210233106228
8540 1 0.4491901251978633
8541 1 0.25158376868422067
8542 1 0.37840308326787564
8543 1 0.5289049691228882
8544 1 0.5513398101337319
8545 1 0.3837298518006331
8546 1 0.6080024268678853
8547 1 0.32958972329704295
8548 1 0.5557028482409724
8549 1 0.6350326134976823
8550 1 0.5626661799626306
8551 1 0.6580768166123927
8552 1 0.4961062532194936
8553 1 0.5800216685973264
8554 1 0.4645368434115943
8555 1 0.324539890526254
8556 1 0.5577216651174582
8557 1 0.5204827258532276
8558 1 0.4755999802496771
8559 1 0.5064099572746504
8560 1 0.39872234363372766
8561 1 0.551625290220144
8562 1 0.5828489477987648
8563 1 0.5560758928973387
8564 1 0.40974989320115085
8565 1 0.4055203730440027
8566 1 0.5110879469911268
8567 1 0.4761722603988001
8568 1 0.5694523006286134
8569 1 0.574478036800139
8570 1 0.34094342027051766
8571 1 0.39764558280709256
8572 1 0.4355922536472952
8573 1 0.4974943175511962
8574 1 0.4057327744258141
8575 1 0.4557687080541635
8576 1 0.44834473944027425
8577 1 0.4361631853765583
8578 1 0.5236666132342469
8579 1 0.42403748442295913
8580 1 0.5398462787625599
8581 1 0.6747739958212756
8582 1 0.3993650819629389
8583 1 0.41789808815205426
8584 1 0.5380606852066377
8585 1 0.39306775172597036
8586 1 0.5625913273710028
8587 1 0.34787692423945304
8588 1 0.4385853997213055
8589 1 0.42470250927070025
8590 1 0.32007204647749343
8591 1 0.5296491310614452
8592 1 0.44343298075609056
8593 1 0.3024559511100202
8594 1 0.4921464553632784
8595 1 0.5007607706979119
8596 1 0.5604963392841836
8597 1 0.7206978919148923
8598 1 0.44746288843126525
8599 1 0.47548577388261537
8600 1 0.5680511317368128
8601 1 0.4550972346900124
8602 1 0.48725541948716034
8603 1 0.3812378667189693
8604 1 0.16109512011977287
8605 1 0.5897297318515797
8606 1 0.5262562453769263
8607 1 0.4257008801838052
8608 1 0.6038202462333817
8609 1 0.4999782135371968
8610 1 0.5686615905257988
8611 1 0.3642865741074848
8612 1 0.44206797907780454
8613 1 0.6158037382528054
8614 1 0.5072386521714288
8615 1 0.4433832230826291
8616 1 0.5661992600311934
8617 1 0.435644779374823
8618 1 0.28362007042391607
8619 1 0.5373217535881627
8620 1 0.43020185843721237
8621 1 0.6228257658590112
8622 1 0.728481428552167
8623 1 0.48092126891557835
8624 1 0.2774014530627452
8625 1 0.7614924781290449
8626 1 0.45336604147417475
8627 1 0.3889097219285676
8628 1 0.3836736040262232
8629 1 0.4703304502314336
8630 1 0.478264047359226
8631 1 0.718640940236951
8632 1 0.383731620705424
8633 1 0.4149350502858591
8634 1 0.47654737093024063
8635 1 0.3775294016502545
8636 1 0.4021976220105421
8637 1 0.47173071066911315
8638 1 0.5990865964618566
8639 1 0.43249265995852815
8640 1 0.4109983228068451
8641 1 0.4330562504020784
8642 1 0.3523360793075692
8643 1 0.4750082809908458
8644 1 0.5590052084045687
8645 1 0.5400514529492346
8646 1 0.38092108508687383
8647 1 0.5400554762368885
8648 1 0.5492032815574026
8649 1 0.4724376024087478
8650 1 0.4335260384762286
8651 1 0.5287831833113079
8652 1 0.36068172423898404
8653 1 0.5078861889346417
8654 1 0.4019972790773624
8655 1 0.3262975791036281
8656 1 0.29002611701209
8657 1 0.6707177592545249
8658 1 0.4813786241089009
8659 1 0.5582543915822092
8660 1 0.6789810415320479
8661 1 0.34125230197376455
8662 1 0.35120405801969334
8663 1 0.589392554986868
8664 1 0.48100863439378677
8665 1 0.48663361832080226
8666 1 0.398283795881748
8667 1 0.4532620069093738
8668 1 0.3663396277522484
8669 1 0.48145525928669847
8670 1 0.3653004598495539
8671 1 0.6001400553427445
8672 1 0.26610795061205805
8673 1 0.2554237552233885
8674 1 0.6052756348526089
8675 1 0.46703159596738153
8676 1 0.5091287508235149
8677 1 0.522674387764688
8678 1 0.2545334781191953
8679 1 0.2961395497158759
8680 1 0.5202909419671315
8681 1 0.544002238308956
8682 1 0.43143190581830104
8683 1 0.49122696179249276
8684 1 0.4189797180734555
8685 1 0.43240859150817246
8686 1 0.578565322202474
8687 1 0.5028741041170628
8688 1 0.31930019413924493
8689 1 0.41781894657986196
8690 1 0.3563764946378205
8691 1 0.6019286716794517
8692 1 0.6946978718815574
8693 1 0.5203953453624076
8694 1 0.3880753366324961
8695 1 0.48446738570410564
8696 1 0.4618894714728857
8697 1 0.5777638707144318
8698 1 0.3843242690275568
8699 1 0.3220980557525449
8700 1 0.6589583098757432
8701 1 0.49932203123633173
8702 1 0.33052108827170906
8703 1 0.49406329435003515
8704 1 0.6337488228649443
8705 1 0.6493674611389599
8706 1 0.5336139110617416
8707 1 0.6152920612752943
8708 1 0.6589154310890121
8709 1 0.5284102389850556
8710 1 0.5887654226958154
8711 1 0.5940539904981594
8712 1 0.4572631949708166
8713 1 0.7453701153307365
8714 1 0.714803290696142
8715 1 0.4980085737586523
8716 1 0.49806039015016584
8717 1 0.39762631424527733
8718 1 0.4029161770072944
8719 1 0.8241556482277995
8720 1 0.5938649602730024
8721 1 0.581598880355365
8722 1 0.45069772860298446
8723 1 0.44113632720277185
8724 1 0.4065219574072864
8725 1 0.6537127336721964
8726 1 0.45715535086684556
8727 1 0.4957643690904331
8728 1 0.42258996353257117
8729 1 0.35822406191530654
8730 1 0.4333792907511037
8731 1 0.5531358706301059
8732 1 0.48310733215098034
8733 1 0.26939222260843726
8734 1 0.46449069644916735
8735 1 0.4596898536549107
8736 1 0.44657095514208334
8737 1 0.5382777253404579
8738 1 0.6547685840660714
8739 1 0.518115685281445
8740 1 0.4672062696017193
8741 1 0.4616623321614667
8742 1 0.41260000484505355
8743 1 0.5352294774722997
8744 1 0.7766818892949384
8745 1 0.4971793248187397
8746 1 0.33696950762011224
8747 1 0.4362707540076733
8748 1 0.5328056060331081
8749 1 0.526309081439784
8750 1 0.42765445136704194
8751 1 0.5414527922387906
8752 1 0.48614757431662176
8753 1 0.30430967976630025
8754 1 0.3520873308376944
8755 1 0.480369643088542
8756 1 0.27117525884043775
8757 1 0.4373409584485275
8758 1 0.36640829807395875
8759 1 0.5303719915803138
8760 1 0.5413793217827916
8761 1 0.40855508573131266
8762 1 0.4782198643996387
8763 1 0.3978286661664094
8764 1 0.5176552927296832
8765 1 0.33448159307826436
8766 1 0.4397941737044904
8767 1 0.3684874913248589
8768 1 0.49860554341952495
8769 1 0.46651042282103555
8770 1 0.4830946031829641
8771 1 0.4446153156849181
8772 1 0.5367884865112268
8773 1 0.5580145331881637
8774 1 0.4761186264795596
8775 1 0.5851955909763258
8776 1 0.3988850855237669
8777 1 0.5330303884172227
8778 1 0.3613810071942639
8779 1 0.49493795800861756
8780 1 0.47609494878356473
8781 1 0.5306927881436138
8782 1 0.519302315148432
8783 1 0.3996229944525588
8784 1 0.42904385795012145
8785 1 0.4601103065176084
8786 1 0.48053732238797986
8787 1 0.6519955403032389
8788 1 0.3002499687750858
8789 1 0.48994209497034324
8790 1 0.4455429717536798
8791 1 0.4718847290587278
8792 1 0.5405860055881333
8793 1 0.3611164301595207
8794 1 0.7223619073051375
8795 1 0.4705892331230152
8796 1 0.29557072834594006
8797 1 0.34403736331243817
8798 1 0.438635576693451
8799 1 0.5482019236222619
8800 1 0.34878247622125425
8801 1 0.703416735887152
8802 1 0.27216804539152833
8803 1 0.4294916917339145
8804 1 0.47436728625982805
8805 1 0.47980721477139
8806 1 0.5810272110178734
8807 1 0.43592505886322436
8808 1 0.525593820439365
8809 1 0.3483263333325675
8810 1 0.5781732593614394
8811 1 0.504294713418291
8812 1 0.446224174977275
8813 1 0.34821208072824367
8814 1 0.3360591364581718
8815 1 0.5626390906209859
8816 1 0.4621358907999913
8817 1 0.5325835659483246
8818 1 0.5176914849730042
8819 1 0.5365471863001606
8820 1 0.6953977168278247
8821 1 0.3896170397680344
8822 1 0.5413820727812657
8823 1 0.5920165983683607
8824 1 0.7185117348210116
8825 1 0.48857642503972193
8826 1 0.45615561145994965
8827 1 0.3746370581722363
8828 1 0.5257607085122212
8829 1 0.36884429311308975
8830 1 0.6123703386303517
8831 1 0.46451707111668733
8832 1 0.32825507833208534
8833 1 0.5407284306037443
8834 1 0.5884864094994573
8835 1 0.6532452600313556
8836 1 0.4696362947750035
8837 1 0.544785639866468
8838 1 0.6564590500172676
8839 1 0.6835373899217979
8840 1 0.5664262619752387
8841 1 0.5813714803859938
8842 1 0.4111132453901521
8843 1 0.6254056854746293
8844 1 0.6038730040830371
8845 1 0.25685819251070424
8846 1 0.406704896123583
8847 1 0.6470328185343697
8848 1 0.5935365123390893
8849 1 0.34977974770769177
8850 1 0.5175810865898116
8851 1 0.4365066379478895
8852 1 0.5206854878466801
8853 1 0.5073193064454752
8854 1 0.44316400076883133
8855 1 0.3373308405545911
8856 1 0.520041087467149
8857 1 0.5146788481663432
8858 1 0.5461051058157355
8859 1 0.41478619134467315
8860 1 0.4930809350133109
8861 1 0.576251872489175
8862 1 0.5955182277536627
8863 1 0.5377068602650815
8864 1 0.3164212113715394
8865 1 0.6039975256564111
8866 1 0.38093104801744315
8867 1 0.43916013433357654
8868 1 0.6395470041026772
8869 1 0.5290746023684291
8870 1 0.4724098815356952
8871 1 0.31511677883276407
8872 1 0.5619253402003572
8873 1 0.42708004069239697
8874 1 0.56021018215403
8875 1 0.2161867797532177
8876 1 0.33024285238330386
8877 1 0.532453210387079
8878 1 0.28858377958503745
8879 1 0.7726408372401544
8880 1 0.464369127509854
8881 1 0.5891646915904337
8882 1 0.5819021598369938
8883 1 0.5005897104107127
8884 1 0.49972397275805536
8885 1 0.4884439970658645
8886 1 0.47642034853783194
8887 1 0.35370940762083997
8888 1 0.4135589594411598
8889 1 0.7764110749747898
8890 1 0.5665977277083962
8891 1 0.4384878334173325
8892 1 0.4053698368421777
8893 1 0.49909566581911113
8894 1 0.538359592881318
8895 1 0.4084779348525117
8896 1 0.5280111853415003
8897 1 0.6369894021116147
8898 1 0.44087966541264084
8899 1 0.4748818328341272
8900 1 0.5994291468266328
8901 1 0.49181731496441594
8902 1 0.3786937609207788
8903 1 0.3756748880017786
8904 1 0.4198364077872024
8905 1 0.48898096374325806
8906 1 0.36233450245876325
8907 1 0.5331802261833231
8908 1 0.5755070704255114
8909 1 0.5429426985295257
8910 1 0.5301385030940601
8911 1 0.37940514599175124
8912 1 0.6530461139025208
8913 1 0.4410306641188927
8914 1 0.6470766056565975
8915 1 0.5788602820347937
8916 1 0.463374382768533
8917 1 0.4078094751086845
8918 1 0.46599526053195195
8919 1 0.3611173645133628
8920 1 0.44164086172270567
8921 1 0.5620484389762
8922 1 0.620187142964574
8923 1 0.48296027998221763
8924 1 0.41585855082681555
8925 1 0.5735855954151136
8926 1 0.3915715173492315
8927 1 0.6597689625789563
8928 1 0.5292039227580396
8929 1 0.467412131218385
8930 1 0.2910535768570814
8931 1 0.41010044634236853
8932 1 0.5392762443103375
8933 1 0.35095212356784206
8934 1 0.4149897186913477
8935 1 0.39258845960103467
8936 1 0.42292158649544903
8937 1 0.5649312914785081
8938 1 0.5464840954531278
8939 1 0.6385429340384143
8940 1 0.24736945393016257
8941 1 0.3818318958586788
8942 1 0.3291319827316933
8943 1 0.41072411145824306
8944 1 0.45342528984655533
8945 1 0.41658506175644333
8946 1 0.48578218607900736
8947 1 0.48778160882286936
8948 1 0.6345930524800909
8949 1 0.5550193814608725
8950 1 0.4236651211203641
8951 1 0.3051470639468748
8952 1 0.5217378623135124
8953 1 0.5458319861700164
8954 1 0.3802949651387968
8955 1 0.5511434030090986
8956 1 0.3728269178627704
8957 1 0.7548907920233283
8958 1 0.6340195098744557
8959 1 0.47916256574135996
8960 1 0.4156520533687119
8961 1 0.6920267812817995
8962 1 0.5145788310106845
8963 1 0.5700996562914894
8964 1 0.5378148652372923
8965 1 0.630821363622988
8966 1 0.36474903590853375
8967 1 0.42780876543524904
8968 1 0.26553033954912886
8969 1 0.43584299837274043
8970 1 0.4640754220148466
8971 1 0.36021745536236
8972 1 0.4469829487869515
8973 1 0.3900527784218102
8974 1 0.6054691887638399
8975 1 0.6268192329698787
8976 1 0.301224723479319
8977 1 0.2654674583488021
8978 1 0.5289462694765148
8979 1 0.4286233362323904
8980 1 0.3507823089715344
8981 1 0.4779208555908328
8982 1 0.48014192005145906
8983 1 0.42966281074032786
8984 1 0.5584455628904842
8985 1 0.5195303643506487
8986 1 0.45631751454173236
8987 1 0.46965838266310567
8988 1 0.4433437850441344
8989 1 0.41395959253271947
8990 1 0.5925698077030017
8991 1 0.2900823374632832
8992 1 0.32656371291588243
8993 1 0.5283224634740682
8994 1 0.5590468145594266
8995 1 0.2990622069782708
8996 1 0.45055649430231826
8997 1 0.406703923019014
8998 1 0.7291647134279181
8999 1 0.5029385985997875
9000 1 0.4113284222598429
