1 1 0.002690496055422709
1 2 0.007178210891715212
1 4 0.0317373430129981
1 5 0.06774808087399159
1 6 0.10885864865786243
1 7 0.04192351887883455
1 8 0.0022520773382836523
2 1 0.006002911376299515
2 2 0.010373853739017058
2 4 0.009939328788307096
2 5 0.09749808160946412
2 6 0.05889501049095553
2 7 0.010645343460934693
2 8 5.232406309371387E-4
3 1 0.015691851411915737
3 2 0.017138865419906668
3 4 0.01967760170931562
3 5 0.03213933523171759
3 6 0.13359266908899523
3 7 0.010450515664103252
3 8 1.9928476110910728E-4
4 1 0.0030308405406293073
4 2 0.01213199467994715
4 4 0.03451991514197478
4 5 0.005030123667923799
4 6 0.06034020607766196
4 7 0.026549761446469755
4 8 2.9961463192069417E-5
5 1 0.02697167116598503
5 2 0.006387629707279284
5 4 0.045730398826842295
5 5 0.1010637736588633
5 6 0.009620181260260067
5 7 0.023756867800454384
5 8 0.001553552753965741
