1 1 0.2892288275594622
1 2 0.37016700976941597
1 3 0.33312398145959454
1 4 0.43307804620256274
1 5 0.07933180717089561
1 6 0.5559080577700353
1 7 0.7971286428519204
1 8 0.7419102932327463
2 1 0.9526844008090145
2 2 0.8465481453736979
2 3 0.7084178252854877
2 4 0.6278364153023499
2 5 0.19007196971692852
2 6 0.5537365425034919
2 7 0.9349924839042836
2 8 0.2942491850044435
3 1 0.5649743548177592
3 2 0.28385450346919505
3 3 0.2631752732057726
3 4 0.604208713450227
3 5 0.076976695913747
3 6 0.7075130885953687
3 7 0.4173067471024138
3 8 0.1777295779925061
4 1 0.37982133711550936
4 2 0.8098249022892801
4 3 0.6744733766460352
4 4 0.776482654166722
4 5 0.017382192891216897
4 6 0.5472311750238137
4 7 0.8125484636442579
4 8 0.5266924851408903
5 1 0.8308426250252072
5 2 0.0866650988951767
5 3 0.37982738975132113
5 4 0.7810120836735392
5 5 0.15035828683219188
5 6 0.05283289638462174
5 7 0.5245382718119215
5 8 0.6701555751879097
