1 1 0.6822404279589678
1 2 0.2696666428600656
1 3 0.40090091731872024
1 4 0.5210357929444716
1 5 0.7271449951237221
2 1 0.6809350430186969
2 2 0.6346449661864841
2 3 0.2870490728528069
2 4 0.014196274624497796
2 5 0.6493595734573571
3 1 0.4234569310385158
3 2 0.7539436918217675
3 3 0.19800485018245384
3 4 0.3040453601594406
3 5 0.12137492967790298
4 1 0.40711699792888456
4 2 0.8253714013225261
4 3 0.7182868634331002
4 4 0.9718333580749313
4 5 0.5587150947211174
5 1 0.05316401119435499
5 2 0.6415597234652953
5 3 0.34131780402160294
5 4 0.5587809866346376
5 5 0.11357108088057977
6 1 0.10877082604039023
6 2 0.7882862605220038
6 3 0.8778018133819502
6 4 0.015010969399885776
6 5 0.22754783522187982
7 1 0.08063744706416809
7 2 0.9864362431536413
7 3 0.21697954194212543
7 4 0.6943497266431748
7 5 0.5250079745163664
8 1 0.20820320251545976
8 2 0.267117065917865
8 3 0.8401792180287369
8 4 0.22117916924404757
8 5 0.9709133779264729
9 1 0.6387754808974845
9 2 0.25667847412930267
9 3 0.10487522513513692
9 4 0.13262458480261596
9 5 0.2573675490774092
10 1 0.3033895265848716
10 2 0.8922335512839824
10 3 0.30790238689731164
10 4 0.4537788154910525
10 5 0.046960346314940504
